1788359712.5995 0.0000 0.0000 0.0000 0.0000 0.0000 0.0000 1.0000
1788359712.7144 -0.0012 -1.4858 0.0033 -0.0003 0.0019 0.0000 1.0000
1788359712.7987 -0.0060 -3.7863 -0.0235 -0.0003 0.0010 -0.0000 1.0000
1788359712.8931 -0.0077 -5.7113 -0.0255 0.0001 -0.0013 -0.0001 1.0000
1788359712.9895 -0.0214 -6.9762 -0.0345 -0.0001 -0.0025 0.0001 1.0000
1788359713.1027 -0.0369 -8.1172 -0.0421 -0.0004 -0.0012 0.0002 1.0000
1788359713.1954 -0.0333 -9.5470 -0.0614 -0.0001 -0.0011 -0.0000 1.0000
1788359713.2984 -0.0305 -11.1273 -0.0784 -0.0002 -0.0004 -0.0002 1.0000
1788359713.3998 -0.0394 -12.7501 -0.0700 -0.0003 -0.0004 -0.0003 1.0000
1788359713.5049 -0.0453 -14.2805 -0.0819 -0.0002 -0.0017 -0.0003 1.0000
1788359713.5947 -0.0535 -15.6826 -0.0820 0.0001 -0.0019 -0.0001 1.0000
1788359713.6932 -0.0687 -17.0746 -0.0874 -0.0000 -0.0002 0.0002 1.0000
1788359713.7926 -0.0778 -18.5629 -0.1152 -0.0001 -0.0009 0.0002 1.0000
1788359713.8958 -0.0904 -20.0892 -0.1314 -0.0001 -0.0000 0.0001 1.0000
1788359713.9905 -0.0909 -21.5739 -0.1341 -0.0001 -0.0006 0.0000 1.0000
1788359714.0915 -0.0760 -23.0309 -0.1338 -0.0003 -0.0005 -0.0005 1.0000
1788359714.1927 -0.0877 -24.4840 -0.1323 0.0003 -0.0017 -0.0005 1.0000
1788359714.2903 -0.1123 -25.9448 -0.1361 0.0001 -0.0017 -0.0003 1.0000
1788359714.3920 -0.1185 -27.4134 -0.1603 -0.0002 -0.0012 -0.0004 1.0000
1788359714.4920 -0.1247 -28.8933 -0.1785 0.0002 -0.0011 -0.0005 1.0000
1788359714.5957 -0.1310 -30.3710 -0.2143 0.0002 -0.0016 -0.0004 1.0000
1788359714.6933 -0.1438 -31.8410 -0.2005 0.0003 -0.0015 -0.0002 1.0000
1788359714.7957 -0.1446 -33.2905 -0.2020 0.0002 -0.0028 0.0001 1.0000
1788359714.8946 -0.1360 -34.7392 -0.1867 0.0002 -0.0035 0.0004 1.0000
1788359714.9914 -0.1469 -36.2125 -0.2124 -0.0000 -0.0027 0.0003 1.0000
1788359715.1011 -0.1694 -37.6920 -0.2330 -0.0000 -0.0013 0.0002 1.0000
1788359715.1957 -0.1715 -39.1450 -0.2530 0.0005 -0.0009 -0.0000 1.0000
1788359715.2906 -0.1766 -40.5859 -0.2584 0.0006 -0.0012 -0.0001 1.0000
1788359715.3925 -0.1797 -42.0289 -0.2588 0.0002 -0.0024 -0.0004 1.0000
1788359715.4986 -0.2120 -43.4711 -0.2555 0.0001 -0.0016 -0.0004 1.0000
1788359715.5898 -0.2357 -44.9078 -0.2421 0.0003 -0.0003 -0.0006 1.0000
1788359715.6921 -0.2350 -46.3645 -0.2585 0.0000 -0.0007 -0.0006 1.0000
1788359715.8005 -0.2219 -47.8358 -0.2765 0.0001 -0.0014 -0.0006 1.0000
1788359715.9009 -0.2274 -49.2949 -0.2836 0.0002 -0.0015 -0.0005 1.0000
1788359715.9944 -0.2345 -50.7259 -0.2753 -0.0001 -0.0022 -0.0001 1.0000
1788359716.0887 -0.2457 -52.1467 -0.2826 -0.0001 -0.0019 0.0001 1.0000
1788359716.1939 -0.2656 -53.5860 -0.2889 -0.0001 -0.0021 0.0003 1.0000
1788359716.2910 -0.2673 -55.0362 -0.3118 -0.0004 -0.0019 0.0002 1.0000
1788359716.3913 -0.2676 -56.4833 -0.3101 -0.0000 -0.0010 0.0000 1.0000
1788359716.4903 -0.2884 -57.9237 -0.3180 0.0002 0.0009 -0.0002 1.0000
1788359716.5930 -0.3048 -59.3525 -0.3500 -0.0002 -0.0007 -0.0003 1.0000
1788359716.6906 -0.3141 -60.7604 -0.3408 0.0000 -0.0011 -0.0006 1.0000
1788359716.7971 -0.3235 -62.1658 -0.3522 0.0002 -0.0020 -0.0006 1.0000
1788359716.8907 -0.3113 -63.5779 -0.3802 -0.0000 -0.0038 -0.0006 1.0000
1788359716.9891 -0.3210 -64.9944 -0.3974 -0.0002 -0.0029 -0.0004 1.0000
1788359717.0934 -0.3533 -66.4118 -0.4078 -0.0001 -0.0015 -0.0001 1.0000
1788359717.1931 -0.3522 -67.8094 -0.3906 -0.0001 -0.0012 0.0000 1.0000
1788359717.2932 -0.3445 -69.1963 -0.3851 -0.0001 -0.0004 -0.0000 1.0000
1788359717.3918 -0.3500 -70.6145 -0.4196 0.0001 -0.0022 0.0000 1.0000
1788359717.4901 -0.3852 -72.0120 -0.4199 0.0001 -0.0031 0.0001 1.0000
1788359717.5919 -0.4104 -73.3872 -0.4038 0.0001 -0.0036 0.0000 1.0000
1788359717.6947 -0.4314 -74.7600 -0.4138 0.0004 -0.0012 -0.0000 1.0000
1788359717.7954 -0.4098 -76.1455 -0.4217 0.0005 -0.0010 -0.0004 1.0000
1788359717.8988 -0.3955 -77.5409 -0.4414 0.0002 -0.0031 -0.0006 1.0000
1788359717.9946 -0.4297 -78.9074 -0.4711 -0.0001 -0.0029 -0.0001 1.0000
1788359718.0961 -0.4327 -80.2505 -0.4721 0.0001 -0.0024 0.0001 1.0000
1788359718.1957 -0.4405 -81.6056 -0.4652 0.0002 -0.0012 0.0001 1.0000
1788359718.2915 -0.4555 -82.9631 -0.4700 0.0002 0.0000 0.0001 1.0000
1788359718.3936 -0.4640 -84.2896 -0.4900 0.0001 -0.0006 -0.0001 1.0000
1788359718.4906 -0.4750 -85.6149 -0.5033 -0.0000 -0.0015 -0.0001 1.0000
1788359718.5912 -0.4774 -86.9457 -0.4945 -0.0000 -0.0024 -0.0002 1.0000
1788359718.6933 -0.4651 -88.2871 -0.4634 0.0003 -0.0019 -0.0005 1.0000
1788359718.7928 -0.4839 -89.6175 -0.4602 0.0006 -0.0012 -0.0004 1.0000
1788359718.8938 -0.5116 -90.9349 -0.5062 0.0002 -0.0002 -0.0001 1.0000
1788359718.9970 -0.5183 -92.2256 -0.5208 -0.0002 -0.0017 0.0004 1.0000
1788359719.0929 -0.5098 -93.5119 -0.5236 -0.0001 -0.0032 0.0006 1.0000
1788359719.1968 -0.4896 -94.8040 -0.5252 0.0001 -0.0031 0.0004 1.0000
1788359719.2995 -0.5120 -96.1024 -0.5263 0.0003 -0.0021 0.0005 1.0000
1788359719.3947 -0.5464 -97.3768 -0.5300 0.0002 -0.0009 0.0006 1.0000
1788359719.4929 -0.5384 -98.6447 -0.5525 0.0003 -0.0004 0.0002 1.0000
1788359719.5902 -0.5213 -99.9219 -0.5458 0.0003 -0.0021 -0.0002 1.0000
1788359719.6929 -0.5411 -101.1783 -0.5509 0.0003 -0.0014 -0.0002 1.0000
1788359719.7929 -0.5606 -102.4383 -0.5616 0.0001 -0.0017 -0.0002 1.0000
1788359719.8914 -0.5774 -103.6992 -0.5808 0.0003 -0.0010 -0.0002 1.0000
1788359719.9946 -0.5671 -104.9266 -0.5975 0.0000 -0.0019 -0.0003 1.0000
1788359720.0927 -0.5668 -106.1540 -0.5878 0.0000 -0.0022 -0.0003 1.0000
1788359720.1987 -0.5799 -107.3728 -0.5815 0.0003 -0.0012 0.0000 1.0000
1788359720.2951 -0.5958 -108.5859 -0.6017 0.0004 -0.0013 0.0004 1.0000
1788359720.3961 -0.5972 -109.8132 -0.6196 -0.0002 -0.0005 0.0005 1.0000
1788359720.4918 -0.5949 -111.0151 -0.6284 -0.0000 -0.0010 0.0004 1.0000
1788359720.5930 -0.6012 -112.2022 -0.6011 0.0003 -0.0012 0.0003 1.0000
1788359720.6913 -0.6083 -113.4012 -0.6051 0.0003 -0.0002 0.0002 1.0000
1788359720.7952 -0.6151 -114.5941 -0.6256 0.0002 -0.0004 0.0002 1.0000
1788359720.8923 -0.6179 -115.7749 -0.6678 0.0000 -0.0005 0.0001 1.0000
1788359720.9890 -0.6382 -116.9313 -0.6614 -0.0002 -0.0005 0.0001 1.0000
1788359721.1014 -0.6449 -118.1168 -0.6514 -0.0001 -0.0008 0.0000 1.0000
1788359721.1944 -0.6450 -119.2661 -0.6523 0.0002 -0.0014 -0.0002 1.0000
1788359721.2932 -0.6488 -120.4112 -0.6618 0.0001 -0.0009 -0.0003 1.0000
1788359721.3933 -0.6584 -121.5605 -0.6654 -0.0002 -0.0001 -0.0003 1.0000
1788359721.4910 -0.6580 -122.6968 -0.6818 0.0002 -0.0001 -0.0002 1.0000
1788359721.5939 -0.6602 -123.8251 -0.7003 0.0001 -0.0005 -0.0000 1.0000
1788359721.6924 -0.6626 -124.9338 -0.6908 -0.0003 -0.0010 0.0000 1.0000
1788359721.7991 -0.6723 -126.0334 -0.7050 -0.0003 -0.0011 0.0000 1.0000
1788359721.8930 -0.6782 -127.1423 -0.7135 -0.0000 -0.0001 0.0000 1.0000
1788359721.9901 -0.6731 -128.2533 -0.7197 -0.0003 0.0000 -0.0002 1.0000
1788359722.0910 -0.6996 -129.3496 -0.7180 -0.0004 0.0007 -0.0000 1.0000
1788359722.1938 -0.7028 -130.4216 -0.7271 0.0001 0.0009 0.0001 1.0000
1788359722.2913 -0.6898 -131.5048 -0.7373 -0.0001 -0.0010 0.0001 1.0000
1788359722.3940 -0.6940 -132.5886 -0.7423 -0.0004 -0.0013 0.0004 1.0000
1788359722.5013 -0.7057 -133.6538 -0.7479 -0.0004 -0.0009 0.0006 1.0000
1788359722.5989 -0.6985 -134.7164 -0.7484 -0.0004 -0.0003 0.0005 1.0000
1788359722.6940 -0.7172 -135.7585 -0.7399 -0.0001 0.0008 0.0006 1.0000
1788359722.7976 -0.7301 -136.7902 -0.7490 0.0006 0.0002 0.0007 1.0000
1788359722.8971 -0.7241 -137.8526 -0.7477 0.0001 -0.0013 0.0004 1.0000
1788359722.9923 -0.7177 -138.8930 -0.7659 -0.0002 -0.0016 0.0002 1.0000
1788359723.0946 -0.7201 -139.9154 -0.7809 -0.0004 -0.0004 -0.0000 1.0000
1788359723.1927 -0.7456 -140.9030 -0.7925 -0.0003 0.0011 -0.0000 1.0000
1788359723.2931 -0.7723 -141.9130 -0.7840 -0.0000 0.0014 -0.0000 1.0000
1788359723.3890 -0.7938 -142.9445 -0.7983 -0.0003 0.0013 -0.0000 1.0000
1788359723.4889 -0.8038 -143.9458 -0.8001 -0.0003 0.0010 -0.0000 1.0000
1788359723.5899 -0.7843 -144.9205 -0.7854 0.0003 0.0003 -0.0003 1.0000
1788359723.6941 -0.7784 -145.8910 -0.7936 0.0004 0.0003 -0.0003 1.0000
1788359723.7955 -0.8016 -146.8656 -0.8094 -0.0002 0.0003 0.0002 1.0000
1788359723.8950 -0.7981 -147.8492 -0.7871 0.0003 0.0013 0.0002 1.0000
1788359723.9920 -0.7847 -148.8021 -0.7824 0.0004 -0.0015 0.0003 1.0000
1788359724.0907 -0.7921 -149.7365 -0.8047 -0.0002 -0.0012 0.0005 1.0000
1788359724.1952 -0.7987 -150.6794 -0.8473 -0.0004 -0.0010 0.0006 1.0000
1788359724.3004 -0.8040 -151.6388 -0.8496 0.0002 0.0010 0.0007 1.0000
1788359724.3910 -0.7997 -152.5700 -0.8349 0.0003 0.0035 0.0005 1.0000
1788359724.4906 -0.8149 -153.4891 -0.8273 0.0001 0.0022 0.0005 1.0000
1788359724.5941 -0.8280 -154.3927 -0.8260 -0.0000 0.0010 0.0005 1.0000
1788359724.6929 -0.8360 -155.3034 -0.8377 0.0002 -0.0006 0.0005 1.0000
1788359724.7959 -0.8290 -156.2199 -0.8569 -0.0000 -0.0016 0.0004 1.0000
1788359724.8916 -0.8227 -157.1198 -0.8626 -0.0002 -0.0009 0.0003 1.0000
1788359724.9910 -0.8265 -157.9999 -0.8746 -0.0001 -0.0002 0.0001 1.0000
1788359725.0902 -0.8489 -158.8866 -0.8759 0.0001 -0.0002 0.0003 1.0000
1788359725.1945 -0.8570 -159.7747 -0.8814 -0.0001 -0.0004 0.0004 1.0000
1788359725.2926 -0.8508 -160.6383 -0.8778 0.0001 0.0001 0.0004 1.0000
1788359725.3905 -0.8240 -161.4901 -0.8546 0.0003 -0.0003 -0.0001 1.0000
1788359725.4951 -0.8381 -162.3363 -0.8742 0.0000 -0.0010 -0.0001 1.0000
1788359725.5923 -0.8569 -163.1784 -0.8989 -0.0001 -0.0021 0.0002 1.0000
1788359725.6914 -0.8595 -164.0221 -0.9132 -0.0000 -0.0013 0.0002 1.0000
1788359725.7892 -0.8523 -164.8553 -0.9178 -0.0001 -0.0007 0.0003 1.0000
1788359725.8920 -0.8623 -165.6773 -0.9062 -0.0000 -0.0006 0.0005 1.0000
1788359725.9934 -0.8746 -166.4849 -0.9061 0.0001 -0.0008 0.0005 1.0000
1788359726.0906 -0.8810 -167.3010 -0.9090 -0.0001 -0.0013 0.0006 1.0000
1788359726.2007 -0.8852 -168.1202 -0.9212 -0.0001 0.0007 0.0005 1.0000
1788359726.3014 -0.8835 -168.9272 -0.8938 0.0005 0.0008 0.0004 1.0000
1788359726.3978 -0.8885 -169.6961 -0.9030 0.0003 -0.0015 0.0005 1.0000
1788359726.4988 -0.9122 -170.4726 -0.9235 -0.0001 -0.0015 0.0007 1.0000
1788359726.5988 -0.9078 -171.2477 -0.9315 -0.0000 0.0010 0.0005 1.0000
1788359726.6904 -0.8996 -172.0269 -0.9273 0.0001 0.0016 0.0002 1.0000
1788359726.7921 -0.8958 -172.7803 -0.9336 0.0000 0.0002 0.0002 1.0000
1788359726.8945 -0.9076 -173.5301 -0.9150 0.0002 -0.0002 0.0003 1.0000
1788359726.9932 -0.9210 -174.2706 -0.9230 0.0003 0.0002 0.0004 1.0000
1788359727.0950 -0.9157 -175.0132 -0.9180 0.0003 -0.0007 0.0003 1.0000
1788359727.1906 -0.9165 -175.7426 -0.9113 0.0003 -0.0002 0.0003 1.0000
1788359727.2974 -0.9197 -176.4621 -0.9288 0.0004 0.0006 0.0002 1.0000
1788359727.3972 -0.9185 -177.1848 -0.9500 0.0003 0.0018 0.0001 1.0000
1788359727.4917 -0.9142 -177.8940 -0.9677 -0.0000 0.0013 0.0002 1.0000
1788359727.5937 -0.9160 -178.5790 -0.9761 -0.0000 0.0008 0.0003 1.0000
1788359727.6928 -0.9249 -179.2461 -0.9676 0.0002 0.0001 0.0003 1.0000
1788359727.7980 -0.9334 -179.9415 -0.9721 0.0002 -0.0002 0.0004 1.0000
1788359727.8940 -0.9361 -180.6332 -0.9799 0.0002 -0.0001 0.0003 1.0000
1788359727.9916 -0.9481 -181.2881 -0.9632 0.0004 0.0010 0.0003 1.0000
1788359728.0935 -0.9537 -181.9500 -0.9387 0.0004 0.0009 0.0004 1.0000
1788359728.1955 -0.9485 -182.5954 -0.9532 0.0004 0.0018 0.0004 1.0000
1788359728.2923 -0.9399 -183.2132 -0.9976 0.0003 0.0009 0.0003 1.0000
1788359728.3940 -0.9213 -183.8688 -0.9938 0.0003 -0.0009 0.0001 1.0000
1788359728.4950 -0.9376 -184.5063 -0.9761 0.0004 -0.0005 0.0002 1.0000
1788359728.6000 -0.9672 -185.1402 -0.9766 0.0005 0.0014 0.0004 1.0000
1788359728.7027 -0.9651 -185.7454 -1.0007 0.0002 0.0012 0.0005 1.0000
1788359728.7925 -0.9557 -186.3379 -1.0062 0.0002 0.0002 0.0003 1.0000
1788359728.8904 -0.9544 -186.9609 -1.0252 0.0002 0.0017 0.0001 1.0000
1788359728.9963 -0.9689 -187.5527 -1.0262 0.0003 0.0024 0.0002 1.0000
1788359729.0959 -0.9755 -188.1329 -1.0214 0.0002 0.0006 0.0003 1.0000
1788359729.1901 -0.9655 -188.6954 -1.0170 0.0002 -0.0008 0.0003 1.0000
1788359729.2924 -0.9643 -189.2449 -1.0267 0.0002 0.0004 0.0002 1.0000
1788359729.4002 -0.9778 -189.8243 -1.0419 0.0001 0.0024 0.0002 1.0000
1788359729.4911 -0.9818 -190.3824 -1.0226 0.0002 0.0014 0.0002 1.0000
1788359729.5926 -0.9704 -190.9329 -1.0271 0.0004 -0.0004 0.0001 1.0000
1788359729.6920 -0.9755 -191.4834 -1.0380 0.0003 0.0009 0.0003 1.0000
1788359729.7935 -0.9807 -192.0024 -1.0507 0.0001 0.0005 0.0003 1.0000
1788359729.8961 -0.9863 -192.5258 -1.0573 0.0001 0.0008 0.0003 1.0000
1788359729.9966 -0.9864 -193.0394 -1.0613 0.0002 0.0018 0.0002 1.0000
1788359730.0933 -0.9847 -193.5599 -1.0502 0.0003 0.0012 0.0001 1.0000
1788359730.1960 -0.9978 -194.0692 -1.0529 0.0002 0.0013 0.0002 1.0000
1788359730.2906 -0.9979 -194.5615 -1.0642 0.0001 0.0015 0.0002 1.0000
1788359730.3911 -1.0037 -195.0327 -1.0678 0.0002 0.0019 0.0003 1.0000
1788359730.4900 -1.0058 -195.5265 -1.0490 0.0004 0.0011 0.0003 1.0000
1788359730.5991 -1.0003 -196.0184 -1.0366 0.0005 -0.0009 0.0003 1.0000
1788359730.6894 -1.0096 -196.4826 -1.0312 0.0006 -0.0004 0.0004 1.0000
1788359730.7933 -1.0013 -196.9151 -1.0200 0.0007 -0.0010 0.0002 1.0000
1788359730.8910 -1.0011 -197.3893 -1.0546 0.0004 -0.0016 0.0003 1.0000
1788359730.9911 -1.0142 -197.8396 -1.0700 0.0003 -0.0005 0.0004 1.0000
1788359731.0912 -1.0231 -198.2648 -1.0773 0.0003 0.0015 0.0005 1.0000
1788359731.1925 -1.0147 -198.6698 -1.0552 0.0005 0.0010 0.0005 1.0000
1788359731.2916 -1.0046 -199.0906 -1.0544 0.0006 -0.0001 0.0004 1.0000
1788359731.3896 -1.0146 -199.5217 -1.0711 0.0003 -0.0006 0.0004 1.0000
1788359731.4940 -1.0305 -199.9493 -1.0775 0.0002 -0.0000 0.0006 1.0000
1788359731.5902 -1.0195 -200.3726 -1.0822 0.0003 0.0004 0.0005 1.0000
1788359731.6922 -1.0196 -200.7394 -1.0882 0.0003 0.0001 0.0005 1.0000
1788359731.7956 -1.0304 -201.1042 -1.0965 0.0001 -0.0004 0.0007 1.0000
1788359731.8959 -1.0279 -201.4907 -1.0783 0.0004 0.0004 0.0006 1.0000
1788359731.9903 -1.0230 -201.8771 -1.0667 0.0007 0.0003 0.0005 1.0000
1788359732.0962 -1.0227 -202.2481 -1.0907 0.0002 0.0012 0.0005 1.0000
1788359732.1997 -1.0184 -202.6125 -1.0816 0.0003 -0.0007 0.0006 1.0000
1788359732.2960 -1.0294 -202.9603 -1.0861 0.0005 -0.0026 0.0007 1.0000
1788359732.3965 -1.0334 -203.3206 -1.0863 0.0004 -0.0026 0.0006 1.0000
1788359732.4953 -1.0289 -203.6534 -1.0795 0.0003 -0.0003 0.0005 1.0000
1788359732.5924 -1.0238 -203.9660 -1.0905 0.0005 -0.0011 0.0004 1.0000
1788359732.6926 -1.0380 -204.2827 -1.0905 0.0005 -0.0020 0.0006 1.0000
1788359732.7917 -1.0358 -204.5905 -1.1054 0.0002 -0.0012 0.0005 1.0000
1788359732.8946 -1.0336 -204.8916 -1.1087 0.0002 -0.0000 0.0005 1.0000
1788359732.9954 -1.0398 -205.2008 -1.1086 0.0004 -0.0016 0.0005 1.0000
1788359733.0914 -1.0443 -205.4880 -1.1018 0.0004 -0.0026 0.0005 1.0000
1788359733.1996 -1.0527 -205.7663 -1.1026 0.0004 -0.0013 0.0006 1.0000
1788359733.2959 -1.0364 -206.0304 -1.1099 0.0004 -0.0003 0.0005 1.0000
1788359733.3939 -1.0472 -206.2902 -1.1188 0.0002 -0.0006 0.0005 1.0000
1788359733.4983 -1.0500 -206.5684 -1.1195 0.0002 -0.0014 0.0005 1.0000
1788359733.5871 -1.0626 -206.8121 -1.1067 0.0002 -0.0012 0.0006 1.0000
1788359733.6974 -1.0630 -207.0524 -1.1163 0.0003 -0.0004 0.0006 1.0000
1788359733.7973 -1.0591 -207.2964 -1.1288 0.0003 -0.0006 0.0006 1.0000
1788359733.8893 -1.0544 -207.5440 -1.1296 0.0001 -0.0005 0.0005 1.0000
1788359733.9997 -1.0590 -207.7718 -1.1197 0.0002 -0.0019 0.0005 1.0000
1788359734.0917 -1.0693 -207.9771 -1.1191 0.0002 -0.0008 0.0006 1.0000
1788359734.1955 -1.0684 -208.1910 -1.1042 0.0003 -0.0009 0.0005 1.0000
1788359734.2926 -1.0599 -208.4185 -1.1163 0.0002 -0.0012 0.0004 1.0000
1788359734.4010 -1.0693 -208.6452 -1.1233 0.0002 -0.0011 0.0004 1.0000
1788359734.4974 -1.0743 -208.8577 -1.1137 0.0003 -0.0003 0.0005 1.0000
1788359734.5969 -1.0631 -209.0309 -1.1212 0.0003 -0.0003 0.0004 1.0000
1788359734.6913 -1.0576 -209.2105 -1.1228 0.0002 -0.0004 0.0004 1.0000
1788359734.7954 -1.0657 -209.3995 -1.1343 0.0002 -0.0007 0.0004 1.0000
1788359734.8931 -1.0743 -209.5673 -1.1261 0.0002 -0.0014 0.0004 1.0000
1788359734.9939 -1.0773 -209.7489 -1.1232 0.0002 -0.0017 0.0004 1.0000
1788359735.0935 -1.0676 -209.9437 -1.1154 0.0003 -0.0007 0.0004 1.0000
1788359735.1933 -1.0673 -210.1131 -1.1167 0.0003 0.0003 0.0004 1.0000
1788359735.3016 -1.0838 -210.2606 -1.1299 0.0001 0.0005 0.0005 1.0000
1788359735.3916 -1.0927 -210.4165 -1.1451 -0.0001 0.0012 0.0005 1.0000
1788359735.4981 -1.0781 -210.5598 -1.1386 0.0002 0.0006 0.0004 1.0000
1788359735.5903 -1.0767 -210.7094 -1.1261 0.0002 -0.0005 0.0004 1.0000
1788359735.6904 -1.0835 -210.8273 -1.1220 0.0001 -0.0009 0.0004 1.0000
1788359735.7954 -1.0824 -210.9503 -1.1175 0.0004 -0.0009 0.0004 1.0000
1788359735.8915 -1.0679 -211.1030 -1.1221 0.0004 -0.0005 0.0003 1.0000
1788359735.9900 -1.0745 -211.2523 -1.1264 0.0001 0.0006 0.0004 1.0000
1788359736.0921 -1.0864 -211.3775 -1.1288 -0.0000 0.0016 0.0005 1.0000
1788359736.1904 -1.0789 -211.4619 -1.1300 0.0002 0.0004 0.0005 1.0000
1788359736.2971 -1.0774 -211.5943 -1.1305 0.0002 -0.0012 0.0005 1.0000
1788359736.3903 -1.0955 -211.7381 -1.1234 0.0003 -0.0009 0.0006 1.0000
1788359736.4903 -1.0972 -211.8363 -1.1235 0.0004 0.0000 0.0005 1.0000
1788359736.5965 -1.0890 -211.9317 -1.1377 0.0001 0.0011 0.0004 1.0000
1788359736.6961 -1.0719 -212.0451 -1.1400 -0.0001 0.0010 0.0002 1.0000
1788359736.7929 -1.0828 -212.1457 -1.1442 0.0001 -0.0004 0.0004 1.0000
1788359736.8957 -1.0973 -212.2352 -1.1366 0.0004 -0.0011 0.0005 1.0000
1788359736.9953 -1.0912 -212.3186 -1.1350 0.0003 -0.0008 0.0005 1.0000
1788359737.0940 -1.0866 -212.3894 -1.1378 0.0001 -0.0002 0.0004 1.0000
1788359737.1916 -1.0801 -212.4781 -1.1383 0.0002 -0.0004 0.0003 1.0000
1788359737.3004 -1.0847 -212.5648 -1.1362 0.0004 -0.0014 0.0004 1.0000
1788359737.3960 -1.0883 -212.6333 -1.1271 0.0002 -0.0005 0.0004 1.0000
1788359737.4935 -1.0802 -212.6968 -1.1333 -0.0000 0.0009 0.0003 1.0000
1788359737.5927 -1.0862 -212.7614 -1.1433 -0.0001 0.0013 0.0004 1.0000
1788359737.6894 -1.0943 -212.8161 -1.1431 0.0000 0.0007 0.0005 1.0000
1788359737.7924 -1.1059 -212.8878 -1.1347 0.0001 -0.0001 0.0005 1.0000
1788359737.8940 -1.0959 -212.9518 -1.1253 0.0002 0.0004 0.0005 1.0000
1788359737.9914 -1.0723 -213.0180 -1.1292 0.0002 0.0001 0.0003 1.0000
1788359738.0922 -1.0661 -213.0717 -1.1311 0.0001 0.0000 0.0002 1.0000
1788359738.1914 -1.0803 -213.1297 -1.1311 -0.0001 0.0006 0.0003 1.0000
1788359738.2947 -1.0992 -213.1939 -1.1312 -0.0001 0.0022 0.0004 1.0000
1788359738.3941 -1.0909 -213.2649 -1.1312 -0.0001 0.0024 0.0003 1.0000
1788359738.4921 -1.0807 -213.3073 -1.1350 -0.0001 0.0024 0.0003 1.0000
1788359738.5946 -1.0931 -213.3891 -1.1503 -0.0000 0.0020 0.0004 1.0000
1788359738.6938 -1.0979 -213.4691 -1.1711 0.0000 0.0019 0.0004 1.0000
1788359738.7907 -1.0865 -213.4952 -1.1736 0.0000 0.0013 0.0003 1.0000
1788359738.8962 -1.0848 -213.4919 -1.1638 0.0001 0.0023 0.0002 1.0000
1788359738.9897 -1.0803 -213.5105 -1.1532 0.0003 0.0018 0.0002 1.0000
1788359739.0910 -1.0764 -213.5226 -1.1509 0.0002 0.0013 0.0002 1.0000
1788359739.1946 -1.0799 -213.5206 -1.1491 0.0001 0.0013 0.0003 1.0000
1788359739.2909 -1.0842 -213.5179 -1.1520 0.0000 0.0010 0.0003 1.0000
1788359739.3902 -1.0911 -213.5288 -1.1441 -0.0001 0.0015 0.0004 1.0000
1788359739.4919 -1.0996 -213.5360 -1.1406 -0.0002 0.0018 0.0005 1.0000
1788359739.5929 -1.0956 -213.5288 -1.1432 -0.0001 0.0024 0.0004 1.0000
1788359739.6925 -1.0918 -213.5293 -1.1445 0.0001 0.0016 0.0004 1.0000
1788359739.7934 -1.0838 -213.5201 -1.1447 0.0000 0.0011 0.0003 1.0000
1788359739.8928 -1.0787 -213.5184 -1.1475 -0.0001 0.0013 0.0003 1.0000
1788359739.9906 -1.0880 -213.5306 -1.1471 -0.0001 0.0021 0.0004 1.0000
1788359740.0923 -1.0853 -213.5390 -1.1449 -0.0000 0.0020 0.0004 1.0000
1788359740.1944 -1.0899 -213.5329 -1.1381 -0.0000 0.0017 0.0004 1.0000
1788359740.2957 -1.0894 -213.5199 -1.1435 -0.0000 0.0016 0.0004 1.0000
1788359740.3978 -1.0823 -213.5110 -1.1459 -0.0000 0.0015 0.0004 1.0000
1788359740.4941 -1.0808 -213.5170 -1.1489 -0.0001 0.0016 0.0003 1.0000
1788359740.5969 -1.0816 -213.5325 -1.1483 -0.0001 0.0017 0.0003 1.0000
1788359740.6916 -1.0869 -213.5321 -1.1432 -0.0000 0.0019 0.0004 1.0000
1788359740.7965 -1.0901 -213.5154 -1.1385 0.0000 0.0016 0.0004 1.0000
1788359740.8950 -1.0857 -213.5135 -1.1354 0.0000 0.0011 0.0003 1.0000
1788359740.9921 -1.0827 -213.5180 -1.1462 -0.0001 0.0013 0.0003 1.0000
1788359741.0911 -1.0786 -213.5173 -1.1481 -0.0001 0.0018 0.0003 1.0000
1788359741.1924 -1.0856 -213.5275 -1.1497 -0.0001 0.0018 0.0004 1.0000
1788359741.3010 -1.0877 -213.5361 -1.1469 -0.0001 0.0014 0.0004 1.0000
1788359741.3957 -1.0862 -213.5340 -1.1420 -0.0000 0.0015 0.0004 1.0000
1788359741.4957 -1.0813 -213.5205 -1.1400 0.0000 0.0014 0.0003 1.0000
1788359741.6013 -1.0826 -213.5020 -1.1388 -0.0000 0.0013 0.0003 1.0000
1788359741.6954 -1.0892 -213.5086 -1.1401 -0.0000 0.0016 0.0004 1.0000
1788359741.8099 -1.0872 -213.5235 -1.1400 0.0000 0.0016 0.0004 1.0000
1788359741.9021 -1.0876 -213.5235 -1.1402 0.0000 0.0014 0.0004 1.0000
1788359741.9996 -1.0804 -213.5228 -1.1423 -0.0000 0.0013 0.0003 1.0000
1788359742.0921 -1.0829 -213.5112 -1.1403 -0.0000 0.0014 0.0003 1.0000
1788359742.1962 -1.0852 -213.5092 -1.1403 -0.0000 0.0015 0.0004 1.0000
1788359742.2968 -1.0824 -213.5223 -1.1401 -0.0000 0.0016 0.0003 1.0000
1788359742.4022 -1.0817 -213.5198 -1.1392 -0.0000 0.0017 0.0003 1.0000
1788359742.4903 -1.0874 -213.5131 -1.1384 0.0000 0.0015 0.0004 1.0000
1788359742.6132 -1.0864 -213.5159 -1.1430 -0.0001 0.0015 0.0004 1.0000
1788359742.7075 -1.0837 -213.5191 -1.1450 -0.0001 0.0017 0.0003 1.0000
1788359742.7882 -1.0808 -213.5204 -1.1421 -0.0000 0.0016 0.0003 1.0000
1788359742.9023 -1.0868 -213.5267 -1.1369 0.0000 0.0018 0.0003 1.0000
1788359742.9991 -1.0835 -213.5370 -1.1373 -0.0000 0.0017 0.0003 1.0000
1788359743.1046 -1.0847 -213.5207 -1.1397 -0.0000 0.0016 0.0004 1.0000
1788359743.1980 -1.0859 -213.5073 -1.1444 -0.0000 0.0015 0.0004 1.0000
1788359743.3034 -1.0833 -213.5168 -1.1469 -0.0001 0.0016 0.0003 1.0000
1788359743.3998 -1.0841 -213.5297 -1.1452 -0.0001 0.0018 0.0003 1.0000
1788359743.4991 -1.0882 -213.5260 -1.1359 0.0000 0.0016 0.0004 1.0000
1788359743.5960 -1.0840 -213.5225 -1.1384 0.0000 0.0013 0.0004 1.0000
1788359743.7029 -1.0821 -213.5320 -1.1439 -0.0000 0.0014 0.0004 1.0000
1788359743.8157 -1.0811 -213.5289 -1.1441 -0.0000 0.0013 0.0003 1.0000
1788359743.9002 -1.0809 -213.5271 -1.1390 0.0000 0.0013 0.0003 1.0000
1788359744.0124 -1.0822 -213.5200 -1.1419 -0.0001 0.0015 0.0003 1.0000
1788359744.0954 -1.0842 -213.5184 -1.1418 -0.0000 0.0016 0.0004 1.0000
1788359744.2020 -1.0834 -213.5182 -1.1450 -0.0000 0.0017 0.0004 1.0000
1788359744.3085 -1.0839 -213.5236 -1.1442 -0.0001 0.0016 0.0004 1.0000
1788359744.3956 -1.0839 -213.5278 -1.1406 -0.0000 0.0011 0.0004 1.0000
1788359744.4981 -1.0874 -213.5335 -1.1429 -0.0000 0.0014 0.0004 1.0000
1788359744.5953 -1.0868 -213.5286 -1.1416 -0.0000 0.0016 0.0004 1.0000
1788359744.7091 -1.0826 -213.5207 -1.1431 -0.0001 0.0019 0.0003 1.0000
1788359744.7996 -1.0830 -213.5119 -1.1440 -0.0001 0.0018 0.0003 1.0000
1788359744.8945 -1.0864 -213.5306 -1.1442 -0.0000 0.0011 0.0003 1.0000
1788359744.9937 -1.0862 -213.5325 -1.1398 -0.0000 0.0012 0.0004 1.0000
1788359745.1011 -1.0900 -213.5320 -1.1390 0.0000 0.0013 0.0004 1.0000
1788359745.1942 -1.0869 -213.5253 -1.1401 0.0000 0.0015 0.0004 1.0000
1788359745.2979 -1.0835 -213.5235 -1.1468 -0.0001 0.0019 0.0003 1.0000
1788359745.3968 -1.0836 -213.5215 -1.1425 -0.0001 0.0022 0.0004 1.0000
1788359745.5016 -1.0850 -213.5298 -1.1453 -0.0001 0.0018 0.0004 1.0000
1788359745.6024 -1.0899 -213.5262 -1.1433 -0.0000 0.0016 0.0004 1.0000
1788359745.6985 -1.0905 -213.5242 -1.1392 0.0000 0.0014 0.0004 1.0000
1788359745.8074 -1.0852 -213.5342 -1.1439 -0.0000 0.0013 0.0004 1.0000
1788359745.9053 -1.0840 -213.5190 -1.1479 -0.0001 0.0016 0.0004 1.0000
1788359746.0024 -1.0829 -213.5251 -1.1467 -0.0001 0.0017 0.0003 1.0000
1788359746.0980 -1.0847 -213.5321 -1.1402 -0.0001 0.0016 0.0003 1.0000
1788359746.1947 -1.0875 -213.5354 -1.1387 -0.0000 0.0015 0.0004 1.0000
1788359746.3009 -1.0872 -213.5367 -1.1386 -0.0000 0.0014 0.0004 1.0000
1788359746.3961 -1.0857 -213.5080 -1.1433 -0.0000 0.0015 0.0003 1.0000
1788359746.5004 -1.0853 -213.5104 -1.1450 -0.0000 0.0014 0.0004 1.0000
1788359746.6067 -1.0894 -213.5184 -1.1419 -0.0000 0.0016 0.0004 1.0000
1788359746.6986 -1.0875 -213.5280 -1.1422 -0.0001 0.0017 0.0004 1.0000
1788359746.8053 -1.0873 -213.5358 -1.1454 -0.0001 0.0013 0.0004 1.0000
1788359746.9073 -1.0868 -213.5260 -1.1409 -0.0000 0.0012 0.0004 1.0000
1788359747.0190 -1.0854 -213.5194 -1.1434 -0.0001 0.0017 0.0004 1.0000
