1.000000000000000000e+00 0.000000000000000000e+00 0.000000000000000000e+00 0.000000000000000000e+00 0.000000000000000000e+00 1.000000000000000000e+00 0.000000000000000000e+00 0.000000000000000000e+00 0.000000000000000000e+00 0.000000000000000000e+00 1.000000000000000000e+00 0.000000000000000000e+00
9.999679448860647746e-01 -2.005353419626424404e-03 -7.751629377263353701e-03 -2.568545744602884068e-02 2.000299743655548253e-03 9.999977818301994947e-01 -6.596481002648153140e-04 5.243231173888363017e-01 7.752935010406780333e-03 6.441213729135515957e-04 9.999697380952992098e-01 1.052052093553719307e-02
9.999486484936045416e-01 -5.243684083444843241e-03 -8.672032809368665496e-03 -6.641541330106502661e-02 5.236072742673654815e-03 9.999858865277838627e-01 -9.001596945142325678e-04 1.062837131115437872e+00 8.676630569937237442e-03 8.547060753412159036e-04 9.999619920574369658e-01 1.275286720880635001e-02
9.999251611008673768e-01 -8.529897574226048482e-03 -8.770008254139437937e-03 -1.102676633416435070e-01 8.518228293772254003e-03 9.999627847423305793e-01 -1.367083427781533127e-03 1.610271738638351602e+00 8.781342957636894403e-03 1.292276184315748616e-03 9.999606082432066501e-01 2.603196026849810552e-02
9.998880500274431871e-01 -1.053355865493224575e-02 -1.062692591393832667e-02 -1.340656672736326438e-01 1.050924613838864763e-02 9.999420358708065448e-01 -2.341077561575021296e-03 1.979405850458546556e+00 1.065096981124231956e-02 2.229134497882250855e-03 9.999407921479502859e-01 3.878078926499776979e-02
9.997014646606007249e-01 -1.203985339179344805e-02 -2.126084395676350325e-02 -1.565306874950969374e-01 1.201924763581296851e-02 9.999271648031621273e-01 -1.096710982333970767e-03 2.376795527046198231e+00 2.127249965844944801e-02 8.408442268859185696e-04 9.997733611870579518e-01 -2.775482188943370621e-03
9.998186859800127779e-01 -1.357361295196700748e-02 -1.335485666829796213e-02 -1.825084094460310280e-01 1.356091010910476929e-02 9.999075044501738452e-01 -1.041278655479432750e-03 2.946583059959475115e+00 1.336775531693219950e-02 8.599858462617138762e-04 9.999102777460240343e-01 -2.893089532125803220e-05
9.998371080692400881e-01 -1.577997771575619101e-02 -8.760686675658279493e-03 -2.193538041278757234e-01 1.576540730228059850e-02 9.998742220584214691e-01 -1.729738610232243621e-03 3.457562606557950335e+00 8.786880011244949801e-03 1.591341056080897544e-03 9.999601283917830541e-01 2.160664538783369990e-02
9.998479425078223848e-01 -1.743696006882854144e-02 -2.104434185213154408e-04 -2.216876434909557658e-01 1.743665178244347552e-02 9.998470076477077306e-01 -1.387253597073771685e-03 3.982777673774245741e+00 2.346007078652055623e-04 1.383373226162123125e-03 9.999990156200280200e-01 2.781166691974423441e-02
9.998163580601149292e-01 -1.908483145839934975e-02 -1.737631610111163094e-03 -2.394776028769248499e-01 1.908344518236233106e-02 9.998175656290542168e-01 -8.109127965218714679e-04 4.465697249227896570e+00 1.752790740430516326e-03 7.776038813441443417e-04 9.999981615267220514e-01 2.987657027547758679e-02
9.995624274453832614e-01 -2.086505065338907852e-02 -2.096671888313387383e-02 -2.683960419310442713e-01 2.083221597213659806e-02 9.997813954883054688e-01 -1.783259136184953001e-03 4.893769358208173159e+00 2.099934325599520785e-02 1.345695614928669450e-03 9.997785838305043304e-01 3.214166838418542477e-02
9.993449656200047437e-01 -2.210341847465231019e-02 -2.865446879085352394e-02 -2.867326528388477458e-01 2.204625673686349402e-02 9.997542846703310060e-01 -2.309295824931764662e-03 5.338453964288284226e+00 2.869847128060832447e-02 1.676059381151255448e-03 9.995867088807788292e-01 3.802964585417339949e-02
9.995297956314260768e-01 -2.304654215909092765e-02 -2.022484955466834905e-02 -2.764297883208151618e-01 2.301630591044193444e-02 9.997335988778786042e-01 -1.726539000942050716e-03 5.782691609363288521e+00 2.025925238592677508e-02 1.260225850418382216e-03 9.997939660367876069e-01 4.183160881998082559e-02
9.996746000990947012e-01 -2.445388718462065264e-02 -7.259567361558020258e-03 -2.861450912187530893e-01 2.444619348774510620e-02 9.997004895385730450e-01 -1.146664858253214087e-03 6.231017940408243305e+00 7.285433458270093761e-03 9.688229452640002544e-04 9.999729915559848470e-01 2.237582309722575477e-02
9.994418413777685917e-01 -2.638428516405635568e-02 -2.049085649251877056e-02 -3.161455219692700380e-01 2.635972964480759115e-02 9.996514446801848530e-01 -1.467583684812346105e-03 6.658126800957466784e+00 2.052243544192294128e-02 9.266311029914769178e-04 9.997889632309066021e-01 2.651604227011072554e-02
9.988836544313866028e-01 -2.859643927350586506e-02 -3.759905012995575641e-02 -3.568066967714694782e-01 2.857738913749958282e-02 9.995910377080021725e-01 -1.044109152984299804e-03 7.080983897459684151e+00 3.761353134022590167e-02 -3.153912040588266290e-05 9.992923602556970097e-01 3.433880672745550505e-02
9.981535011806768054e-01 -2.907407074972721481e-02 -5.333185249732549926e-02 -3.795883656597599520e-01 2.899747262051600646e-02 9.995770425633673240e-01 -2.209651984946086906e-03 7.573690041770739789e+00 5.337353897184494989e-02 6.590829325721749357e-04 9.985743993049837064e-01 5.272128746687424622e-02
9.988046468799001154e-01 -2.915068747848362923e-02 -3.923665111410295364e-02 -3.888046057500346153e-01 2.907549317946939854e-02 9.995741275106287960e-01 -2.485821340301653647e-03 8.013708601138567644e+00 3.929240470483687936e-02 1.342024924153192161e-03 9.992268540734953186e-01 4.197152395931195296e-02
9.992151320655331403e-01 -3.019382651415410818e-02 -2.564084030784450838e-02 -4.046732805637079378e-01 3.013846540181191330e-02 9.995424986259184852e-01 -2.542900682204282930e-03 8.523121162926365457e+00 2.570588949021226574e-02 1.768129262506930918e-03 9.996679853653551717e-01 3.978730737294852021e-02
9.994119307657909346e-01 -3.122276039806769557e-02 -1.417504413110538819e-02 -4.111113626282263955e-01 3.120797648013583572e-02 9.995121144875099839e-01 -1.263010974639476721e-03 9.028320944872215037e+00 1.420756302147621261e-02 8.198937928943983910e-04 9.998987313359084528e-01 3.893412352504726365e-02
9.989122651751648485e-01 -3.282912965346952705e-02 -3.311396576698180660e-02 -4.492498952610941010e-01 3.280479297947205830e-02 9.994609607103457360e-01 -1.278113268347259336e-03 9.523716638252187394e+00 3.313807538459552504e-02 1.904262283200314427e-04 9.994507650192961945e-01 2.088975162184550372e-02
9.985100816346770269e-01 -3.325451782240179677e-02 -4.326377142957194000e-02 -4.659959389369849325e-01 3.318851062663856488e-02 9.994465921346536996e-01 -2.243263874957298135e-03 9.991523516252991399e+00 4.331442757668839405e-02 8.040614570729231417e-04 9.990611662200052923e-01 2.669388386734028798e-02
9.981967257180067721e-01 -3.382354650452418232e-02 -4.959097163503255190e-02 -4.829816095274376830e-01 3.372756367577907366e-02 9.994272217452908613e-01 -2.771260180026575461e-03 1.047617016331949991e+01 4.965630085242538072e-02 1.093680184250907803e-03 9.987657661580656709e-01 4.579524153918259483e-02
9.982822803343328610e-01 -3.445671998387845464e-02 -4.738378645103279163e-02 -4.945016409420978087e-01 3.434671493264506575e-02 9.994050634533420130e-01 -3.134057618661383830e-03 1.094525456736580793e+01 4.746358545053358524e-02 1.501196780593522326e-03 9.988718408606811483e-01 6.751395955018360540e-02
9.987769238151722462e-01 -3.489539821614034976e-02 -3.502809783072186045e-02 -4.953409967039872908e-01 3.480604359779496115e-02 9.993890976052406394e-01 -3.157675862278618278e-03 1.139597749645049518e+01 3.511688743852491024e-02 1.934624283888128089e-03 9.993813393522565924e-01 6.668480876381474576e-02
9.987157952160000685e-01 -3.478249335557214578e-02 -3.683664672635250659e-02 -4.844942071004535444e-01 3.470856583600575446e-02 9.993939769099189352e-01 -2.644687842473952746e-03 1.182791305035273943e+01 3.690631170518358928e-02 1.362744343615169672e-03 9.993178008442428206e-01 6.293781143743498729e-02
9.984473958237463087e-01 -3.537332419083772522e-02 -4.302935868066228714e-02 -5.270112522610885808e-01 3.530234363514381940e-02 9.993737755691601832e-01 -2.408576033266206576e-03 1.226440118493599662e+01 4.308761198587609392e-02 8.857992615135344000e-04 9.990709049176754730e-01 5.549558455250151040e-02
9.984228215637709347e-01 -3.502915829668806769e-02 -4.387285549931718709e-02 -5.439569575037366267e-01 3.491128123789367932e-02 9.993844593341487670e-01 -3.450345449343522521e-03 1.269791302884199524e+01 4.396671266955365365e-02 1.913246041857144444e-03 9.990311645122068596e-01 7.782453133795980138e-02
9.979530995623235867e-01 -3.474679358711955240e-02 -5.368678989626096687e-02 -5.497328714593802124e-01 3.456590920174618803e-02 9.993931938985753938e-01 -4.294404529289134152e-03 1.276533700309446751e+01 5.380342921234480824e-02 2.429881605891191440e-03 9.985485900447577112e-01 8.783737793131272953e-02
9.981232492249991761e-01 -3.475274147820103798e-02 -5.042049500232433784e-02 -5.378520601891810804e-01 3.459981893228547545e-02 9.993936262236560175e-01 -3.902869890787472214e-03 1.270259818276466746e+01 5.052555676470223828e-02 2.151005179138582545e-03 9.987204520236562244e-01 8.302994528374907368e-02
9.981157864619119024e-01 -3.496182206031023254e-02 -5.042368306403453848e-02 -5.402486150061149850e-01 3.487839969273270890e-02 9.993883518483391848e-01 -2.533658369645341076e-03 1.265353356793482931e+01 5.048142282456964669e-02 7.701870443572919047e-04 9.987247031897847904e-01 5.854990192212527339e-02
9.985215052738325436e-01 -3.488031398738535016e-02 -4.169133245437286334e-02 -5.390157694211236139e-01 3.480386877851499028e-02 9.993908875493345834e-01 -2.558241857429642638e-03 1.253082586215950478e+01 4.175517002393289850e-02 1.103439846391735674e-03 9.991272632636835072e-01 5.442704050974580404e-02
9.982731453530959698e-01 -3.537942788156307750e-02 -4.689374531437801724e-02 -5.500542821666507542e-01 3.525035189590500218e-02 9.993721121424808951e-01 -3.576892938220469984e-03 1.251457373137827567e+01 4.699084972684936662e-02 1.917695139979854607e-03 9.988934790493422256e-01 7.361656008493559777e-02
9.977024027678250695e-01 -3.574250480233118199e-02 -5.755335665071022871e-02 -5.547052224590001135e-01 3.557713471100418245e-02 9.993593401039629898e-01 -3.895745464816167264e-03 1.254692293107789069e+01 5.765572822420666349e-02 1.839211088186161599e-03 9.983348307584533066e-01 9.193679764519062381e-02
9.971860101510443553e-01 -3.601603941458732944e-02 -6.574881036131467738e-02 -5.579085896571184255e-01 3.585599676181767254e-02 9.993504361226419608e-01 -3.612937544679170783e-03 1.256926011024406087e+01 6.583622601013632003e-02 1.245281643694870185e-03 9.978296651324664035e-01 7.565594827176230774e-02
9.978400585972486692e-01 -3.573969112959603928e-02 -5.511707481897369643e-02 -5.371279009719209796e-01 3.563063148084438109e-02 9.993606426394350262e-01 -2.960412736728064344e-03 1.252350280256328929e+01 5.518763954832216212e-02 9.901622375117938128e-04 9.984755099749957896e-01 5.545143325162061460e-02
9.985250135072588629e-01 -3.543490710957559325e-02 -4.113593026131972391e-02 -5.205426223468937463e-01 3.536288219453329745e-02 9.993714668472706286e-01 -2.477461287345716912e-03 1.247250038719734455e+01 4.119786357596678245e-02 1.019122009617006320e-03 9.991504878781302113e-01 7.353123036193492945e-02
9.982087332957758630e-01 -3.545944235491070573e-02 -4.818664462194208187e-02 -5.161926092347793871e-01 3.534053155896116349e-02 9.993698212511723522e-01 -3.317710284200710031e-03 1.244672633609877366e+01 4.827392257909693396e-02 1.608825745252168930e-03 9.988328389067655522e-01 9.289679389618511751e-02
9.977570988331770918e-01 -3.572812585412336178e-02 -5.660629603633950818e-02 -5.310113557276914253e-01 3.557472378012082465e-02 9.993601116615854485e-01 -3.715675942758743348e-03 1.241226713536565285e+01 5.670282846534103333e-02 1.693588703142667783e-03 9.983896639095051206e-01 7.715664807144166637e-02
9.978583197622519219e-01 -3.577968565874450196e-02 -5.475936244531093983e-02 -5.411622604573914641e-01 3.566260595520175797e-02 9.993590351574090924e-01 -3.114062577476028274e-03 1.238824396761659052e+01 5.483568379932455411e-02 1.154531685949539230e-03 9.984947244922461884e-01 6.859484720691340354e-02
9.981359306116854846e-01 -3.562115627673968776e-02 -4.955600112451174349e-02 -5.452361044438481796e-01 3.551934028788755748e-02 9.993646823324595641e-01 -2.933968652752316081e-03 1.230560132103511251e+01 4.962902867735543427e-02 1.168303064351975014e-03 9.987670371916025358e-01 7.056298158778756546e-02
9.982422558400377843e-01 -3.557737294517430982e-02 -4.739883110069850053e-02 -5.380177561551188203e-01 3.544888321323695635e-02 9.993651894121728940e-01 -3.548925204348678253e-03 1.221390866761062810e+01 4.749500325641479309e-02 1.862451473663986716e-03 9.988697392253813589e-01 7.308742764904878342e-02
9.981535835075081575e-01 -3.552327222963679032e-02 -4.926987782833486956e-02 -5.315899160408861235e-01 3.540771386987787150e-02 9.993677740788745600e-01 -3.216509155047798160e-03 1.210762676074475053e+01 4.935298906478498976e-02 1.466036402946146924e-03 9.987803227975792231e-01 8.754053504236605776e-02
9.979952582854764165e-01 -3.581504222116899117e-02 -5.217995008047659339e-02 -5.301838169056845018e-01 3.574387292843718422e-02 9.993583443255152909e-01 -2.296774921633919046e-03 1.198630485061730333e+01 5.222872761020396631e-02 4.270569760508969919e-04 9.986350572829687522e-01 7.886735368813919955e-02
9.977826978509066747e-01 -3.590834906432915918e-02 -5.603818641641237358e-02 -5.245646590261131559e-01 3.583264171720397517e-02 9.993550286534708116e-01 -2.355523845541784150e-03 1.185331839296059897e+01 5.608662636433740106e-02 3.423046811156331675e-04 9.984258476074087119e-01 5.092177304266910787e-02
9.976437747975276382e-01 -3.618226837561302339e-02 -5.829015408227306710e-02 -5.173851083652932781e-01 3.607948959929708349e-02 9.993449584418920839e-01 -2.815042988527694835e-03 1.171920897517769511e+01 5.835382624982046046e-02 7.053311053392874366e-04 9.982957144403844518e-01 5.670298178130954436e-02
9.981739931137801891e-01 -3.613374475107285211e-02 -4.840487539035170234e-02 -5.141789501956790520e-01 3.606906486216959751e-02 9.993468574393393755e-01 -2.209318013644203868e-03 1.166228371990599655e+01 4.845309103926975086e-02 4.593651936376081085e-04 9.988253535790724280e-01 7.126738164664588038e-02
9.984201389055489262e-01 -3.626930334262976757e-02 -4.291577638659961613e-02 -5.352865388160753524e-01 3.620064596088749115e-02 9.993417169263626443e-01 -2.376140291350838530e-03 1.148902110580358737e+01 4.297370661042396178e-02 8.188074926416674323e-04 9.990758680372833211e-01 8.004541084099213444e-02
9.984183916445443785e-01 -3.679627680752431407e-02 -4.250587299450876017e-02 -5.644942774603546320e-01 3.674053063891552506e-02 9.993226486265782693e-01 -2.092211827534595607e-03 1.152758388920081067e+01 4.255406718860337695e-02 5.272144387381833951e-04 9.990940263111592889e-01 5.431395863853122341e-02
9.983586084085641632e-01 -3.668661277783559493e-02 -4.397932991081621168e-02 -5.532865776767861288e-01 3.665128112158085039e-02 9.993268196238755952e-01 -1.609711954641082111e-03 1.147453420927272560e+01 4.400877876812891998e-02 -4.828997125973602013e-06 9.990311443433675942e-01 4.585230831775367888e-02
9.980600953520690766e-01 -3.627431804266383064e-02 -5.059861575535987838e-02 -5.473105259478896478e-01 3.622136451597085527e-02 9.993418623066728790e-01 -1.963413871806912042e-03 1.143175676371987137e+01 5.063653639833640835e-02 1.268541308327455997e-04 9.987171396795038181e-01 5.013337179850006070e-02
9.977386186937077239e-01 -3.652799948397146557e-02 -5.642121959751640603e-02 -5.475103161669944152e-01 3.641298664550049469e-02 9.993321254677928200e-01 -3.065519789245608594e-03 1.136483221346391304e+01 5.649551460715082629e-02 1.004122364372924282e-03 9.984023480378793058e-01 6.323332915710309921e-02
9.977809994390566262e-01 -3.636198031574230244e-02 -5.577529512171964382e-02 -5.370965587271884223e-01 3.624305264173163094e-02 9.993380633928601320e-01 -3.142640516582992892e-03 1.132126598126248851e+01 5.585264804470799899e-02 1.114200038309249305e-03 9.984384008363603735e-01 8.257625748852467917e-02
9.981397122454175319e-01 -3.745504068568331763e-02 -4.810649400932229258e-02 -5.776775697965168543e-01 3.741265435117212962e-02 9.992983135488233692e-01 -1.781525435486371739e-03 1.140620150870501703e+01 4.813946544193106747e-02 -2.158034688324835578e-05 9.988406236238360769e-01 5.754946868615849753e-02
9.984192048742228653e-01 -3.768253082610681370e-02 -4.170273622754443882e-02 -5.734695722986058453e-01 3.767025278214602979e-02 9.992896400070864216e-01 -1.080476671102227094e-03 1.141689833930817066e+01 4.171382736759906423e-02 -4.921839565517248600e-04 9.991294782766141358e-01 1.727801621429439841e-02
9.981902039422527739e-01 -3.827257891531350709e-02 -4.638454976492627224e-02 -5.907633029277721270e-01 3.824986061709047258e-02 9.992672567515282767e-01 -1.377587401392668665e-03 1.144583284756201991e+01 4.640328562178516747e-02 -3.991083141505005500e-04 9.989227076185908105e-01 2.103096876035204926e-02
9.979412001764836893e-01 -3.855247238490752681e-02 -5.125493013682035082e-02 -5.898429469615166232e-01 3.850702391099194988e-02 9.992565717623596022e-01 -1.874272993630661435e-03 1.145486319948209797e+01 5.128908363226707123e-02 -1.032605796126090858e-04 9.986838434847211676e-01 5.998861600391074134e-02
9.980769978074010007e-01 -3.817594253831103901e-02 -4.883547746338647022e-02 -5.795475245463651559e-01 3.813816374082927563e-02 9.992710201563517192e-01 -1.705503492145067027e-03 1.146351153816571333e+01 4.886498658797573669e-02 -1.602716306700244751e-04 9.988053801410770038e-01 5.920366177488545906e-02
9.980429599627985704e-01 -3.760469785201500659e-02 -4.996135274543954397e-02 -5.630358540263555867e-01 3.756423742112272035e-02 9.992926845829037674e-01 -1.748887092621072888e-03 1.147359853633095916e+01 4.999178068107901218e-02 -1.312956658498836077e-04 9.987496205885552092e-01 4.006741531663410988e-02
9.982981056013550125e-01 -3.803336528766520369e-02 -4.420809289757763466e-02 -5.763044538716766141e-01 3.798065133507978058e-02 9.992764086865112416e-01 -2.032035125620840731e-03 1.148823560088855977e+01 4.425338943978113920e-02 3.495246538909842562e-04 9.990202777499600506e-01 4.784351791729261200e-02
9.986451403388562076e-01 -3.908926181033869907e-02 -3.434986591980977721e-02 -6.060747167557739568e-01 3.904687181602757573e-02 9.992355655747819920e-01 -1.904282496969135529e-03 1.153168273335822924e+01 3.439804469688392818e-02 5.604476499620235971e-04 9.994080550102959482e-01 6.659858744498665939e-02
9.986277826940900271e-01 -3.960804628919673692e-02 -3.426009779084302626e-02 -6.214263859407626045e-01 3.957488126676917545e-02 9.992152520104523594e-01 -1.645880435894960490e-03 1.159139534866283761e+01 3.429840235647136498e-02 2.877826280168530298e-04 9.994115952784181633e-01 5.239483579861987927e-02
9.984477258279047529e-01 -3.926641912992854394e-02 -3.950046984275021322e-02 -6.141633589546537930e-01 3.925368542386888787e-02 9.992286736091020583e-01 -1.098188525969291934e-03 1.159402047728790031e+01 3.951312401885201386e-02 -4.540551810179982006e-04 9.992189484112895537e-01 3.532283790837780629e-02
9.980306081704597432e-01 -3.965527107955170438e-02 -4.860416268705408660e-02 -6.069497394825843495e-01 3.965649073739786756e-02 9.992129302159282744e-01 -9.395912372458025763e-04 1.149476231383514424e+01 4.860316756443995578e-02 -9.897297134580762112e-04 9.988176773254452412e-01 3.088031087085893467e-02
9.976678102739949816e-01 -3.994159761485335108e-02 -5.534987916034696948e-02 -5.953934457331926389e-01 3.991082168649692091e-02 9.992018639676801817e-01 -1.661732777027552944e-03 1.139707141920407096e+01 5.537207468932799775e-02 -5.512018566201561803e-04 9.984656376266098921e-01 3.701078806530555543e-02
9.972813988678466135e-01 -4.086292443639114730e-02 -6.131910696265005511e-02 -5.980424459861611863e-01 4.079877262823818768e-02 9.991647399103238403e-01 -2.298406396675642220e-03 1.136698900411481006e+01 6.136180916678103670e-02 -2.095863562922850587e-04 9.981155666802010717e-01 3.881767035036867708e-02
9.973576019398205927e-01 -4.362802382301969595e-02 -5.808966681044319680e-02 -6.594165444774997553e-01 4.361868002620043760e-02 9.990472298774686344e-01 -1.429414890179437053e-03 1.140350798141660427e+01 5.809668325836013503e-02 -1.108156782386881308e-03 9.983103462265245920e-01 1.876210269045115731e-02
9.982605342856304409e-01 -4.609436130498966583e-02 -3.675888387387078043e-02 -7.342378546403051098e-01 4.612806294192634687e-02 9.989355319910454556e-01 6.881128355121961596e-05 1.149556551124492110e+01 3.671658340577630547e-02 -1.764307697691593199e-03 9.993241614818259011e-01 -1.423064217248581030e-03
9.985798873416139587e-01 -4.765704391954688618e-02 -2.381207176328600447e-02 -7.968175353769481051e-01 4.771233936890115906e-02 9.988595688045397436e-01 1.759113286780293606e-03 1.144552894104896623e+01 2.370108159465106681e-02 -2.892744796780732583e-03 9.997149047397384525e-01 -1.239128531944018105e-02
9.987162717230624320e-01 -4.859401939234583856e-02 -1.429789756860673326e-02 -8.022897901274088639e-01 4.861060132293598679e-02 9.988174739910541389e-01 8.143028629040878486e-04 1.146913716328847599e+01 1.424141968374740587e-02 -1.508286917756704142e-03 9.998974482595528457e-01 3.018160501383259850e-02
9.984062316081502297e-01 -4.926226589423086943e-02 -2.753590101991754482e-02 -8.473226627979437708e-01 4.926486173657253220e-02 9.987855784468651077e-01 -5.845379692884960284e-04 1.142182488277950370e+01 2.753125649310233028e-02 -7.729460053889764242e-04 9.996206442798106773e-01 3.559783901076877394e-02
9.983969268965607879e-01 -5.035478237657790845e-02 -2.584515922394101800e-02 -8.948231275138740504e-01 5.036761899201218362e-02 9.987307340273251510e-01 -1.544872674009799664e-04 1.139363271162019942e+01 2.582013401550963677e-02 -1.147519519561564835e-03 9.996659461431970373e-01 2.620530364041057103e-02
9.983551095856770807e-01 -5.174254013599803581e-02 -2.469381915470810276e-02 -9.164998024982894398e-01 5.177892282137291913e-02 9.986582221132053183e-01 8.357973140488100632e-04 1.135560352432506193e+01 2.461743925815807962e-02 -2.113041875235185073e-03 9.996947117687501327e-01 1.047984113049139736e-02
9.982526239166833459e-01 -5.455483246115114260e-02 -2.270394456019656296e-02 -9.677388620103339889e-01 5.458725907724203130e-02 9.985086751082017376e-01 8.104813986799636570e-04 1.131721182945626403e+01 2.262586992561406787e-02 -2.048411286650726575e-03 9.997419037038058898e-01 1.499314214994168157e-02
9.984110831482089221e-01 -5.634403459154796456e-02 -8.116728200422719790e-04 -9.795738496697672382e-01 5.634556566192247540e-02 9.984093107430521696e-01 2.006352865631216755e-03 1.144086129389378392e+01 6.973356855432975756e-04 -2.048899101930065376e-03 9.999976578649630854e-01 1.078250375810754606e-02
9.983171362855639552e-01 -5.700432688446342711e-02 1.064904291662090163e-02 -1.003316240935520076e+00 5.697626108174108639e-02 9.983712608547635758e-01 2.920817079994890951e-03 1.153872801153327643e+01 -1.079819761516105300e-02 -2.309159093426404498e-03 9.999390314976934757e-01 1.975664338880239734e-02
9.983026679616443522e-01 -5.788121117241021990e-02 6.445815222123429597e-03 -1.021758334943905222e+00 5.786623457679294230e-02 9.983212493259747689e-01 2.486370875074443796e-03 1.167292851633639827e+01 -6.578908463147762828e-03 -2.109155622446888447e-03 9.999761344282142028e-01 2.700174714484204763e-02
9.982267699436155883e-01 -5.936676799848833452e-02 4.347714957266711130e-03 -1.025763696714729001e+00 5.935657146277352469e-02 9.982338671418119480e-01 2.438014620129867228e-03 1.150374604453357996e+01 -4.484773363352819245e-03 -2.175626005766777629e-03 9.999875766525113674e-01 6.798684319642728235e-03
9.980443753564006704e-01 -6.226401241682511661e-02 -5.533315209668578094e-03 -1.076114441825422707e+00 6.227634861616274803e-02 9.980567651229174109e-01 2.085664262499806708e-03 1.135175285688922742e+01 5.392700853029641986e-03 -2.426180153070223167e-03 9.999825160608432073e-01 1.847102021365920263e-02
9.979349398789990611e-01 -6.423229399070987111e-02 -2.611080036225687379e-04 -1.109210282872677089e+00 6.423270746080872451e-02 9.979326399116174029e-01 2.146040839393978904e-03 1.120600755613163457e+01 1.227230732450983923e-04 -2.158380810050871540e-03 9.999976631629325929e-01 3.268160485395243953e-02
9.976550068106604385e-01 -6.565087285084006408e-02 1.935071780435907926e-02 -1.094081548814187288e+00 6.561775874304401346e-02 9.978420842233090005e-01 2.341941592453561198e-03 1.096021642662646478e+01 -1.946271109482901676e-02 -1.066699022978266154e-03 9.998100144677655177e-01 4.684729341833038241e-02
9.970345458497542612e-01 -6.583828059648741404e-02 3.984263031317693271e-02 -1.101959034615497268e+00 6.576201996291469731e-02 9.978301302042377197e-01 3.223040023202660646e-03 1.071668206144393132e+01 -3.996837640649797407e-02 -5.933503957592746111e-04 9.992007690262935116e-01 7.208888163019555595e-02
9.966877726974893159e-01 -6.744886232742276777e-02 4.543274948816302533e-02 -1.160697433360625030e+00 6.731277283376528586e-02 9.977216828746013899e-01 4.520413178371744493e-03 1.052445707932438346e+01 -4.563413600308125623e-02 -1.447236196913628814e-03 9.989571718240189968e-01 4.472146961105507440e-02
9.967946987965258243e-01 -6.917706855425767576e-02 4.018534107585673698e-02 -1.187161478752071675e+00 6.906247496698728061e-02 9.976033496509070231e-01 4.234538549168146218e-03 1.032543650153775161e+01 -4.038196382765031622e-02 -1.445666465569137461e-03 9.991832699989990907e-01 5.132047030863272352e-02
9.974324644458651967e-01 -7.071385474459397635e-02 1.131501730481732255e-02 -1.120110988125278650e+00 7.067483736326694854e-02 9.974921222764628892e-01 3.812264428630335756e-03 1.004153399557997339e+01 -1.155622053803128345e-02 -3.002789296387548251e-03 9.999287159709525641e-01 4.134253108358190015e-02
9.972374912963118954e-01 -7.424053276311917693e-02 2.393584777382256907e-03 -1.133612290863152960e+00 7.422907174514006834e-02 9.972307625910856732e-01 4.566294981343639418e-03 9.830144440549480223e+00 -2.725960545043831177e-03 -4.376006975545686760e-03 9.999867097627131995e-01 -1.451278936567212963e-03
9.967515414471848079e-01 -7.831210972248600632e-02 1.880367234011128333e-02 -1.167895649621890408e+00 7.823217844030724843e-02 9.969228746543947750e-01 4.950580501505486009e-03 9.624948294917958336e+00 -1.913350148678696558e-02 -3.463446496089315693e-03 9.998109389575730033e-01 -4.690518806947083230e-03
9.963462477282782892e-01 -8.050168169856629363e-02 2.852426829005630382e-02 -1.164972332308221947e+00 8.037155802647190372e-02 9.967487829240779806e-01 5.681232240166261480e-03 9.406149962597583070e+00 -2.888887845136699217e-02 -3.367934540925663148e-03 9.995769553759981108e-01 2.840039383242209253e-02
9.965160797574327267e-01 -8.212838249979653726e-02 1.451315171991154548e-02 -1.127408225697895894e+00 8.204392909724128602e-02 9.966086579098274445e-01 6.322711242771237097e-03 9.137584250454775514e+00 -1.498320670500482774e-02 -5.109967430398709709e-03 9.998746880233019274e-01 6.775255636900366640e-03
9.964842389714458903e-01 -8.281095899174868713e-02 1.270852282388428532e-02 -1.030651068464025766e+00 8.273962536770722298e-02 9.965528910765931725e-01 6.040668911244876337e-03 8.915957794598506680e+00 -1.316494874694658541e-02 -4.967932945475181210e-03 9.999009969825710664e-01 2.776838881349531427e-02
9.964714866950081795e-01 -8.311923076630303719e-02 1.165202474500690207e-02 -9.564839105873617076e-01 8.304931485424993376e-02 9.965251318789817292e-01 6.361826452965223602e-03 8.608599729856758032e+00 -1.214032561671434841e-02 -5.371685991944296842e-03 9.999118748587417782e-01 2.153639846980250072e-02
9.957810910691948791e-01 -8.693558442975003742e-02 2.936363105785316438e-02 -1.056582810949866058e+00 8.672897799576619049e-02 9.961978622574951814e-01 8.240364640394013881e-03 8.093157131323588160e+00 -2.996836740387801359e-02 -5.658921580527220829e-03 9.995348285886248574e-01 -3.303345879876823377e-03
9.954977076553495063e-01 -8.901421897145975204e-02 3.256966186261892743e-02 -1.040610785196765642e+00 8.881090430505150790e-02 9.960192063257142792e-01 7.639627400150291771e-03 7.180219464807552576e+00 -3.312004422495993389e-02 -4.712690441261677653e-03 9.994402699608123664e-01 1.647421748763821733e-02
9.950305731494614170e-01 -9.073101633552631273e-02 4.101269526106132018e-02 -9.715484179694706679e-01 9.045410185761536270e-02 9.958638220779175709e-01 8.561736593347047189e-03 6.217916245536481590e+00 -4.161987451910887509e-02 -4.809423155033449790e-03 9.991219422542623185e-01 1.809087255266706232e-02
9.956470901895231318e-01 -9.032112670346514882e-02 2.299925799133998444e-02 -7.915076083207643887e-01 9.013374660976197772e-02 9.958884627603502571e-01 9.059661302372928882e-03 5.182414811259921983e+00 -2.372297450200638175e-02 -6.947216121806251699e-03 9.996944316484582815e-01 6.942740232819960555e-03
9.955932463874949123e-01 -9.282297132858310929e-02 1.334105473124132593e-02 -7.721225368866726502e-01 9.270486921704168548e-02 9.956509861736563272e-01 9.215256636510300858e-03 4.015964090024375821e+00 -1.413842180231348125e-02 -7.937866536960075381e-03 9.998685390108947857e-01 -3.278956267736606728e-02
9.955141433876507628e-01 -9.450407390804399510e-02 4.535452561208118752e-03 -7.314891478133201952e-01 9.446448759946043938e-02 9.954939036342626002e-01 8.267309694753170388e-03 2.563137497805068499e+00 -5.296309821318727351e-03 -7.801784526666437000e-03 9.999555396418763342e-01 -1.061505509838220340e-02
9.954466817081404351e-01 -9.452817354453094123e-02 1.226084346964267241e-02 -6.058858169507364000e-01 9.443260958233998248e-02 9.954978677023500477e-01 8.153382582941572435e-03 1.067339813216770406e+00 -1.297636789403681934e-02 -6.958434192367187604e-03 9.998915911586960803e-01 3.072884984509323056e-02
9.955598233804054953e-01 -9.324349853274013777e-02 1.289527247291117652e-02 -4.473345015951294412e-01 9.314918562355489762e-02 9.956221407203758034e-01 7.731890134037546630e-03 -4.662698724432831621e-01 -1.355976727102079817e-02 -6.496375046993598662e-03 9.998869585222144307e-01 1.506932831748841739e-02
9.955173773125203240e-01 -9.293643567132038597e-02 1.754908526139119934e-02 -3.506983787921411633e-01 9.280298457199297191e-02 9.956501183022770096e-01 8.273329389811640705e-03 -2.017391818102698409e+00 -1.824164256122476346e-02 -6.607635687022403101e-03 9.998117730989649621e-01 -1.259145686214018650e-02
9.954653428182589359e-01 -9.374387775641139509e-02 1.615043748377349708e-02 -2.977017619528596337e-01 9.359308979404702689e-02 9.955617689133814396e-01 9.853822652265241747e-03 -3.745495905111870805e+00 -1.700249365621783748e-02 -8.297569598975587310e-03 9.998210167566095041e-01 -2.476320883226782940e-02
9.955247757113000473e-01 -9.428794383954193503e-02 6.340709067380568068e-03 -2.336450876284248135e-01 9.422941354004986392e-02 9.955100882998614287e-01 8.971160298447199838e-03 -5.331663340145030183e+00 -7.158112101947278205e-03 -8.333531047134419556e-03 9.999396550249531890e-01 -2.757924404686388012e-02
9.955333312061515061e-01 -9.417724032214233598e-02 -6.635801601053832773e-03 -1.760318073647270387e-01 9.422332061106725165e-02 9.955263949691774972e-01 7.011616981646770844e-03 -6.743432575047727084e+00 5.945780908100456279e-03 -7.605545672647959915e-03 9.999534005964548777e-01 2.409990978138182305e-03
9.955804558799374870e-01 -9.336344395059494039e-02 -1.014017768976081292e-02 -7.232741956966645680e-02 9.344349800863778477e-02 9.955945773471385207e-01 7.729827739504944138e-03 -8.299304127571936363e+00 9.373822582357275654e-03 -8.643199098530117072e-03 9.999187099757348429e-01 1.766087373577239494e-02
9.956949036869229275e-01 -9.261331211727504009e-02 -3.799103915071124632e-03 4.223216124258585141e-02 9.264220722242454131e-02 9.956648146120115062e-01 8.306526625859378052e-03 -9.981321499107837170e+00 3.013339152279888647e-03 -8.622723600867457025e-03 9.999582833422884232e-01 4.172115890153606926e-02
9.956843604186286223e-01 -9.211485413150566348e-02 1.129194695692357399e-02 1.299321875002489024e-01 9.202768413475367892e-02 9.957242194745288266e-01 8.011498276504524715e-03 -1.173334684450728460e+01 -1.198164306514552975e-02 -6.937751809618197818e-03 9.999041493209674947e-01 7.796792768813960717e-02
9.958872211251988960e-01 -9.051172353367605006e-02 -4.033695885002951467e-03 2.664884077175522226e-01 9.054088209126311126e-02 9.958625665801433824e-01 7.752235454728776017e-03 -1.340428459326568245e+01 3.315338544596430157e-03 -8.085566608034147965e-03 9.999618153424468803e-01 7.674840360291142194e-02
9.959654771830099840e-01 -8.941813303331712370e-02 -7.560803162046177313e-03 3.387077001349718675e-01 8.947305038790660803e-02 9.959627355096691836e-01 7.266548725491959321e-03 -1.512070668401675810e+01 6.880516979292545209e-03 -7.913719791148993155e-03 9.999450142508661266e-01 9.799745585488732480e-02
9.960491007598727409e-01 -8.814960380515581007e-02 -1.076272383938744331e-02 4.349948068530374856e-01 8.822899827203582734e-02 9.960746386580119349e-01 7.138493274072948459e-03 -1.682581998983407701e+01 1.009122090541851938e-02 -8.059874149448474287e-03 9.999165993668337471e-01 7.784764464048313237e-02
9.961546221811656832e-01 -8.684213205203759889e-02 -1.159365377072637572e-02 5.322149677046790206e-01 8.693596349697139958e-02 9.961829741854919540e-01 7.849853106955483051e-03 -1.841085514142929114e+01 1.086770251489571799e-02 -8.827572916945282400e-03 9.999019786951337530e-01 6.150204566834106129e-02
9.962790678104865849e-01 -8.502824707016581884e-02 -1.407892903749043655e-02 6.326905915743847864e-01 8.515346501575071780e-02 9.963311958914650157e-01 8.546080346832504726e-03 -2.002292266807169341e+01 1.330061797358195706e-02 -9.713150552628987966e-03 9.998643649354960194e-01 6.606593707908883784e-02
9.965691658609451276e-01 -8.146156621295796985e-02 -1.462569264520504307e-02 8.182095689718628106e-01 8.157749566725772117e-02 9.966386919278227285e-01 7.511987290786634706e-03 -2.179256384012258962e+01 1.396459293637621925e-02 -8.679342286732115094e-03 9.998648204440393483e-01 1.169039374097827211e-01
9.966816931082973507e-01 -7.910309958244174378e-02 -1.919120265194566854e-02 9.482934582072829466e-01 7.924438532112584865e-02 9.968325980409534770e-01 6.715569819449793837e-03 -2.348367781266588850e+01 1.859919401088865748e-02 -8.214080555562797495e-03 9.997932780644066542e-01 1.427851532066276574e-01
9.967476748540367026e-01 -7.662881670573429282e-02 -2.494187489645611697e-02 1.072729367723201266e+00 7.683069440932152605e-02 9.970178854578267691e-01 7.237435580727990397e-03 -2.515993758580156126e+01 2.431289924408316580e-02 -9.130198655161646248e-03 9.996627043172433558e-01 1.210530690102131213e-01
9.969644805496312712e-01 -7.393063116336359708e-02 -2.441487862330354169e-02 1.195609825159373862e+00 7.413168820948870530e-02 9.972207520494275057e-01 7.434008688808528206e-03 -2.679992739998774098e+01 2.379742266748870877e-02 -9.221358780614688153e-03 9.996742715588032846e-01 1.200885256605732782e-01
9.972276153527713793e-01 -7.164783948323874552e-02 -2.009154735725992777e-02 1.281935193912183468e+00 7.180181766985849201e-02 9.973940081853831519e-01 7.049213800143483075e-03 -2.844662454656642225e+01 1.953412801046821093e-02 -8.472280288080238919e-03 9.997732934568670515e-01 1.662504688093848215e-01
9.974709057939001866e-01 -6.897554649341157418e-02 -1.715127052528351084e-02 1.369712126816832853e+00 6.910485361910347069e-02 9.975843937803474670e-01 7.063744911799819948e-03 -3.018106882555816384e+01 1.662261414394624118e-02 -8.231116074501380886e-03 9.998279539136668559e-01 1.879841324299938721e-01
9.975630200497933586e-01 -6.587777985819613658e-02 -2.298127825188535367e-02 1.436568317606456535e+00 6.604477390943654103e-02 9.977949382141509949e-01 6.584004364362720622e-03 -3.193930050306769886e+01 2.249686352332126715e-02 -8.085752604030313484e-03 9.997142150316956632e-01 1.878418462775036657e-01
9.975193841081723134e-01 -6.293749755711555705e-02 -3.152696829225293262e-02 1.487129238680745758e+00 6.319269530634993859e-02 9.979756333524900658e-01 7.163692805751886369e-03 -3.360651169866846288e+01 3.101228125068305683e-02 -9.138196536759060282e-03 9.994772292432099192e-01 1.467732909109740191e-01
9.977090738672693693e-01 -6.012807258177835928e-02 -3.100352900100386208e-02 1.534349528524206807e+00 6.042464925052930952e-02 9.981346845488153763e-01 8.718558572794098127e-03 -3.526458917360804435e+01 3.042146751664359314e-02 -1.057196236453421256e-02 9.994812494118620050e-01 1.151537770827272544e-01
9.978654609813725207e-01 -5.773493347459884156e-02 -3.051555729650992296e-02 1.568040637301553408e+00 5.802725735433306858e-02 9.982763748965493011e-01 8.781613025988919963e-03 -3.692973088866909137e+01 2.995595407205272828e-02 -1.053360242689393642e-02 9.994957148660243984e-01 1.097521412266087987e-01
9.979944788294838887e-01 -5.357402866025934990e-02 -3.371711255396155071e-02 1.674576321559676062e+00 5.385884581279345301e-02 9.985196683626934577e-01 7.595829156213971568e-03 -3.869175549238950396e+01 3.326026087661584918e-02 -9.396560326329978646e-03 9.994025513777984315e-01 1.758852106517729552e-01
9.979038313164888541e-01 -4.962600966709382333e-02 -4.153555836140893076e-02 1.713131818562501518e+00 4.997746449495493737e-02 9.987224417946987121e-01 7.465741643674898669e-03 -4.039730300772230009e+01 4.111199930103150157e-02 -9.525934083127685081e-03 9.991091332248523971e-01 2.175849646589830821e-01
9.979473238417457814e-01 -4.607917724030505258e-02 -4.447300599188704073e-02 1.729930594364179841e+00 4.647092534611511894e-02 9.988890736977701357e-01 7.814828512937832192e-03 -4.205514501863004995e+01 4.406349889164117017e-02 -9.865488942134790704e-03 9.989800199169945882e-01 2.088547963453956380e-01
9.982109320720865542e-01 -4.257938970424129943e-02 -4.197535782087575412e-02 1.756605758081374091e+00 4.292684331090508565e-02 9.990507320275980874e-01 7.410867593024480018e-03 -4.374951361664854943e+01 4.161996173877636346e-02 -9.199478655591694296e-03 9.990911611946770021e-01 2.133290761577739114e-01
9.983299169700319275e-01 -3.906553499494148235e-02 -4.255891044385569366e-02 1.773865369221778732e+00 3.944773233072377400e-02 9.991881718921550304e-01 8.177625864319170920e-03 -4.549155387176510601e+01 4.220489659474001287e-02 -9.842821057614208405e-03 9.990604914503701250e-01 1.924510961848973079e-01
9.983245373074377538e-01 -3.626892191750247935e-02 -4.508529153540500461e-02 1.729010039476607252e+00 3.669437045003342418e-02 9.992891431898732746e-01 8.644737134499674847e-03 -4.718350716424756541e+01 4.473970705275200771e-02 -1.028462958939171945e-02 9.989457367680403266e-01 2.087786634200591018e-01
9.984299184172492625e-01 -3.240278797422482815e-02 -4.569198333211638846e-02 1.723814508345170804e+00 3.282501052183003920e-02 9.994247936398473753e-01 8.520595178171875422e-03 -4.889542951147279126e+01 4.538960997372325917e-02 -1.000705698224855708e-02 9.989192370341994920e-01 2.265159111822664939e-01
9.984954753937727023e-01 -2.824389020663293018e-02 -4.700072642161520764e-02 1.734225558642506382e+00 2.867815853889968056e-02 9.995517789581201962e-01 8.590948985697991272e-03 -5.060224472285727160e+01 4.673701788712657235e-02 -9.925917975320696848e-03 9.988579114725806285e-01 2.327113374080747032e-01
9.984874634866123255e-01 -2.437003619947801861e-02 -4.928373561031289263e-02 1.729948544389130038e+00 2.480823069916236398e-02 9.996577796869376975e-01 8.299108443623151588e-03 -5.234733310707331100e+01 4.906462014168896935e-02 -9.509198021810771895e-03 9.987503382744526981e-01 2.383378310890680030e-01
9.985643585167629510e-01 -2.079482120129719572e-02 -4.936392722638536373e-02 1.672735622340479011e+00 2.124075728875792976e-02 9.997380322691641341e-01 8.526257348906702768e-03 -5.409913426778643952e+01 4.917369347329795387e-02 -9.562543897195416656e-03 9.987444646276686377e-01 2.458062729192911078e-01
9.985547384272255300e-01 -1.680648798358545803e-02 -5.104876419848675129e-02 1.637422036391600999e+00 1.734505763178149224e-02 9.997982918156679277e-01 1.012544607524021312e-02 -5.581122854100978969e+01 5.086829405715591335e-02 -1.099625591417444440e-02 9.986448312666443838e-01 2.426856878006827256e-01
9.985402198624865333e-01 -1.215835516504773853e-02 -5.262702458488015267e-02 1.632979137740670161e+00 1.273724369807400364e-02 9.998618572248565428e-01 1.067844042154500114e-02 -5.752707307073474396e+01 5.248992227040251424e-02 -1.133317548356015808e-02 9.985571426781273408e-01 2.540153094188470906e-01
9.986258232545585090e-01 -7.059411263013980198e-03 -5.192908473846741951e-02 1.647133983651360545e+00 7.618272092185315522e-03 9.999150943638061007e-01 1.057194370729153295e-02 -5.924463344828314604e+01 5.185004396801152354e-02 -1.095302588513064924e-02 9.985948148095277199e-01 2.668045311111076900e-01
9.986311309828109772e-01 -2.521505135245646987e-03 -5.224467670341921555e-02 1.612646011756344810e+00 3.075078950981794800e-03 9.999399547055508597e-01 1.051812116806678452e-02 -6.097403064105558457e+01 5.221501815988474626e-02 -1.066437974351231235e-02 9.985789217098711701e-01 2.825857247995778310e-01
9.983456616651277260e-01 1.721263626008208598e-03 -5.747153283103009075e-02 1.539737513867987628e+00 -1.065564396345596281e-03 9.999340183628675494e-01 1.143780980807362554e-02 -6.271177610948456760e+01 5.748742825118922234e-02 -1.135764818165299964e-02 9.982816233011835294e-01 2.811485142208544064e-01
9.983891666977202650e-01 5.692021228359920616e-03 -5.645062191834162441e-02 1.462315652146729983e+00 -5.051838794195352179e-03 9.999213778846793854e-01 1.147680155800161368e-02 -6.444467545871940217e+01 5.651150984913706071e-02 -1.117313490208479525e-02 9.983394264031800747e-01 2.934697601099742759e-01
9.984392298522124509e-01 9.647968770575113956e-03 -5.500928095078914948e-02 1.380967358050779747e+00 -9.018147448407322353e-03 9.998910477979563449e-01 1.168612639430599738e-02 -6.617575266947001467e+01 5.511603495099798300e-02 -1.117180523044141068e-02 9.984174545044639526e-01 3.017990972379397396e-01
9.984172581554349168e-01 1.391775227381479400e-02 -5.449105237585600420e-02 1.320716120263107696e+00 -1.327931085920475672e-02 9.998390824924582310e-01 1.206105400633819894e-02 -6.789379064126056562e+01 5.465014657334566622e-02 -1.131836084792860880e-02 9.984414134976713484e-01 3.110534776241941635e-01
9.984906800779576042e-01 1.797167811412237956e-02 -5.189778977201240512e-02 1.245852888042667139e+00 -1.736232102785295259e-02 9.997752124308217914e-01 1.216858321378653206e-02 -6.959813752711285417e+01 5.210481365462691500e-02 -1.124915084206123093e-02 9.985782618299624547e-01 3.373088371633458649e-01
9.984760089968088836e-01 2.213723391964840179e-02 -5.055296561222941826e-02 1.148890560657286342e+00 -2.155039727336633890e-02 9.996942461849361861e-01 1.212412974576715548e-02 -7.130731998195386723e+01 5.080590354638490208e-02 -1.101621618882271496e-02 9.986477873333102773e-01 3.504097563461307518e-01
9.981941056165809512e-01 2.618142173615914739e-02 -5.406533703018440856e-02 1.023342774462674409e+00 -2.549042814504149171e-02 9.995848356147409852e-01 1.343110129638184352e-02 -7.304022939840379536e+01 5.439453635519409663e-02 -1.202869755728220788e-02 9.984470666238540737e-01 3.254687268073293005e-01
9.980580121115741887e-01 3.085263250363231083e-02 -5.411394947228219399e-02 9.164761677723685107e-01 -3.012449747722141177e-02 9.994449957651720950e-01 1.422023528989744580e-02 -7.480876729636442235e+01 5.452264769467619898e-02 -1.256246423083364795e-02 9.984335057382696110e-01 3.281605334911500971e-01
9.981111751439595281e-01 3.543602694577369094e-02 -5.018336424595837286e-02 8.235629900059056041e-01 -3.481099628153867809e-02 9.993057443296188280e-01 1.327493456531041345e-02 -7.654664016925485726e+01 5.061893509973153238e-02 -1.150292763277998599e-02 9.986517942031868378e-01 3.676769446539895903e-01
9.979676745510940306e-01 3.958811530159701830e-02 -4.993297185176375635e-02 7.183990027619117091e-01 -3.902393216696319056e-02 9.991635042586893833e-01 1.222393045318543627e-02 -7.826148967337971385e+01 5.037512550167818487e-02 -1.025050654180166033e-02 9.986777627675138547e-01 3.926018076125781797e-01
9.976680906950051719e-01 4.326986698502902073e-02 -5.278351466206834125e-02 5.606733838184193575e-01 -4.259326902804534687e-02 9.989961154686722855e-01 1.387712909818462730e-02 -7.997111710936356133e+01 5.333098763840250084e-02 -1.159654645146670528e-02 9.985095522166583804e-01 3.859804824632556697e-01
9.973233419595950444e-01 4.778195117887778370e-02 -5.534470818501129735e-02 4.259651238338970081e-01 -4.700795264201799301e-02 9.987787968770974745e-01 1.520418682940849302e-02 -8.172356297764818578e+01 5.600360676733696225e-02 -1.256184899913642163e-02 9.983515392780102360e-01 3.921447082690593389e-01
9.971605925675365301e-01 5.234621573746889300e-02 -5.413525956643906734e-02 2.980902996653547188e-01 -5.161428275740742588e-02 9.985569436854018210e-01 1.483226324967389445e-02 -8.346149980279240310e+01 5.483355219022166549e-02 -1.199599581675468707e-02 9.984234460581175030e-01 4.104726642760951894e-01
9.969769862749174871e-01 5.634635959770211561e-02 -5.349744478261907882e-02 1.483534969343822119e-01 -5.563611440402507075e-02 9.983432590917750149e-01 1.467514224923639060e-02 -8.520582876499331348e+01 5.423570421968510608e-02 -1.165438913455060094e-02 9.984601462260250804e-01 4.154948317385082079e-01
9.966710521763745279e-01 6.016142986796241959e-02 -5.502196025116501410e-02 -2.053149138583328440e-02 -5.935992067147453227e-02 9.981069858929485505e-01 1.608864598310253552e-02 -8.695817537041230594e+01 5.588571885119483773e-02 -1.276898852437382756e-02 9.983555175189595676e-01 4.074936935734569943e-01
9.965173216984510862e-01 6.449094623442697127e-02 -5.285967658559743293e-02 -1.759122098731480399e-01 -6.372941577639248956e-02 9.978394343012533252e-01 1.596949962129540213e-02 -8.866552194665092657e+01 5.377535792298741152e-02 -1.254516668454854454e-02 9.984742508813692075e-01 4.360251664465829013e-01
9.963179646699612535e-01 6.874813133977360213e-02 -5.122702131878256737e-02 -3.427707665156118355e-01 -6.800481310634663712e-02 9.975548087377543727e-01 1.611672915182289431e-02 -9.036980385053401221e+01 5.220975646636008549e-02 -1.257370277490257350e-02 9.985569805115037667e-01 4.467226078108910148e-01
9.959007101803767359e-01 7.315750462901722539e-02 -5.319544133360168403e-02 -5.270761460760673422e-01 -7.236845706719023663e-02 9.972395892072853929e-01 1.661349269115135890e-02 -9.210981300341886424e+01 5.426400173167823804e-02 -1.269571715737314796e-02 9.984459108444104780e-01 4.508949787011624077e-01
9.955963486532647400e-01 7.765546102064999068e-02 -5.251228353401837107e-02 -7.167114745519155283e-01 -7.684475551866440379e-02 9.968931752430597593e-01 1.728816656232865304e-02 -9.383646164087906527e+01 5.369165761609084181e-02 -1.317674191446544310e-02 9.984706201861704988e-01 4.518079519406912326e-01
9.953630670594859620e-01 8.238829353635727937e-02 -4.964407136909991525e-02 -9.170074375785005616e-01 -8.161193574538065654e-02 9.965110395883354233e-01 1.747111680651534937e-02 -9.557370998601190593e+01 5.091028066928245110e-02 -1.333855564677357761e-02 9.986141528415430901e-01 4.791222194480062035e-01
9.950508883402185978e-01 8.694112767882240800e-02 -4.811413442302094057e-02 -1.137653449065307187e+00 -8.620151066519128602e-02 9.961284904850873367e-01 1.724325963790487859e-02 -9.736710342051404155e+01 4.942700853157859509e-02 -1.301040974896579792e-02 9.986929959030369508e-01 4.986073121577228595e-01
9.945505293906165001e-01 9.090608898421645434e-02 -5.104240858774388573e-02 -1.368918273513259676e+00 -9.013693464063757266e-02 9.957812144392852449e-01 1.717864905665570166e-02 -9.912580324776136820e+01 5.238871541118277769e-02 -1.248422826673835535e-02 9.985487301790284542e-01 5.164641117993827857e-01
9.940550690150304902e-01 9.530452498176740506e-02 -5.264567677903423532e-02 -1.579971878657651763e+00 -9.445018396508657321e-02 9.953578645881068221e-01 1.849010956065995359e-02 -1.008326738341057762e+02 5.416347952711473429e-02 -1.340779327867103882e-02 9.984420606950170640e-01 5.212503176272725858e-01
9.937424359189944711e-01 9.986240194804442416e-02 -5.003470526495017168e-02 -1.773230891567019407e+00 -9.904533386219972757e-02 9.949098591211822384e-01 1.855785719297070591e-02 -1.025600710283501797e+02 5.163325376062029293e-02 -1.348602612471579143e-02 9.985750518641325346e-01 5.359852073147075568e-01
9.933612262897137946e-01 1.035747639870241987e-01 -5.005739075529368198e-02 -2.015698721618599087e+00 -1.027773937770025681e-01 9.945368423734205487e-01 1.825586180691214297e-02 -1.042916695313211335e+02 5.167476591725288226e-02 -1.298989711038369202e-02 9.985794816340153313e-01 5.455113290285468208e-01
9.930450999568967152e-01 1.077060369053644412e-01 -4.754828141728338620e-02 -2.272290630833198044e+00 -1.069523463942773506e-01 9.940988771884373687e-01 1.812782318555219985e-02 -1.060541749942930778e+02 4.922016916219826288e-02 -1.291634572270376063e-02 9.987044322324879486e-01 5.758504887760330648e-01
9.926560061630700371e-01 1.118231817421276586e-01 -4.614790844068712705e-02 -2.533166977191874558e+00 -1.110423010049726156e-01 9.936309784209184093e-01 1.915949137658740087e-02 -1.077835239608947688e+02 4.799646670228976952e-02 -1.389441425017833714e-02 9.987508620455556319e-01 5.989260257719810632e-01
9.920867587361772433e-01 1.163618849491054180e-01 -4.715691753536550151e-02 -2.772316171206913538e+00 -1.155445922422116273e-01 9.931067039061032276e-01 1.971095787465795487e-02 -1.095044484017191309e+02 4.912545515236636101e-02 -1.410625350143133484e-02 9.986929975063538745e-01 6.104142057323552750e-01
9.914591959249211550e-01 1.205325610401384168e-01 -4.980526623775993061e-02 -3.021751919914812845e+00 -1.196728993279772418e-01 9.926137720434862199e-01 1.990720261708958660e-02 -1.112272782734440852e+02 5.183685930247573098e-02 -1.377683848737958072e-02 9.985605333373375192e-01 6.202739800849342844e-01
9.909374639916779248e-01 1.244543451160182307e-01 -5.053769325449147809e-02 -3.322325866517800819e+00 -1.235420874878975922e-01 9.921212634070553094e-01 2.080267566254631606e-02 -1.129591791071057969e+02 5.272850345756743828e-02 -1.437061854380212479e-02 9.985054783253789479e-01 6.294751377014637939e-01
9.905228618083675718e-01 1.291068209445320747e-01 -4.686031391868900747e-02 -3.596948659625638811e+00 -1.282877076771899438e-01 9.915333210379260187e-01 2.009819221803553491e-02 -1.146994699730643248e+02 4.905837638868016520e-02 -1.389611661932108923e-02 9.986992408373047692e-01 6.543545620674966479e-01
9.899941212915025490e-01 1.332647563235572208e-01 -4.639121177861761647e-02 -3.874725067260897937e+00 -1.324525403364641973e-01 9.909839768761481427e-01 2.017627649372591425e-02 -1.164261635987097776e+02 4.866173411093119294e-02 -1.382976126897578206e-02 9.987195669138360099e-01 6.593519527805188352e-01
9.894112363976060864e-01 1.374791114037025586e-01 -4.652847749291486035e-02 -4.148935106143518681e+00 -1.366443442757367399e-01 9.904041886827430474e-01 2.068492729335888805e-02 -1.181660752937515753e+02 4.892574442575478577e-02 -1.410804619094907855e-02 9.987027758873306960e-01 6.856345780199830653e-01
9.888205251077926139e-01 1.421034725534244814e-01 -4.517269323172349443e-02 -4.441259950017172997e+00 -1.412922185915717610e-01 9.897517525187845555e-01 2.068761347923310512e-02 -1.199435713000919890e+02 4.764953400633382269e-02 -1.407378677729564063e-02 9.987649625586224600e-01 7.024304844704397643e-01
9.882372869078349664e-01 1.461206768824309110e-01 -4.511997952638824305e-02 -4.772008616439544326e+00 -1.453593357242232709e-01 9.891820841589468172e-01 1.973494101270012110e-02 -1.217135751881860131e+02 4.751555832413231761e-02 -1.294419431183058307e-02 9.987866236342792803e-01 7.151430068475841395e-01
9.874577544542459950e-01 1.502228784867399025e-01 -4.858260951550627538e-02 -5.122695198125532201e+00 -1.493596323949904769e-01 9.885608331276592997e-01 2.095660795027491294e-02 -1.234490854244411508e+02 5.117502690777302188e-02 -1.343748432953108078e-02 9.985992943297538060e-01 7.120598852943182955e-01
9.868072169999866361e-01 1.546251915124841614e-01 -4.798506670276532493e-02 -5.457128833583103855e+00 -1.537543902807922414e-01 9.878782197760307415e-01 2.135908147655474210e-02 -1.251772381099696503e+02 5.070605433400492135e-02 -1.369938107608812544e-02 9.986196588351388126e-01 7.233030530327488883e-01
9.861528838097636251e-01 1.592512761336655480e-01 -4.627656862263839627e-02 -5.779250640917118709e+00 -1.584773181464329828e-01 9.871608143987684603e-01 1.996161688527335956e-02 -1.269031102460383522e+02 4.886132813177532924e-02 -1.235141956858289494e-02 9.987291990564007849e-01 7.379618463918933280e-01
9.855632754912583282e-01 1.636439972628928041e-01 -4.342432685447625285e-02 -6.112604922342939950e+00 -1.629650830784600823e-01 9.864534076458577605e-01 1.876316180993171587e-02 -1.286380276052344414e+02 4.590655400019331978e-02 -1.141563417850286269e-02 9.988805091682037007e-01 7.603088515458999996e-01
9.848303452655563506e-01 1.679566883976263136e-01 -4.358602834197763259e-02 -6.467530472369612760e+00 -1.672355965683083590e-01 9.857197193479376729e-01 1.972029738784468467e-02 -1.303829025667297969e+02 4.627576346822420000e-02 -1.213201183339670912e-02 9.988550285223113390e-01 7.624805087379393775e-01
9.840770365433851863e-01 1.719312347163548804e-01 -4.507811749506336618e-02 -6.834831204542354932e+00 -1.711871782533017361e-01 9.850374101136073479e-01 1.990604627617405253e-02 -1.321536854416904134e+02 4.782610322471761433e-02 -1.187228729380215841e-02 9.987851183536687882e-01 7.610730426417013916e-01
9.831609358316060199e-01 1.765253280984910300e-01 -4.725867956725728763e-02 -7.191267486278595911e+00 -1.757551518143053992e-01 9.842303768611938564e-01 2.001728938699862473e-02 -1.338751755696909242e+02 5.004698657712641080e-02 -1.137426056464672583e-02 9.986820942277659929e-01 7.657889077883908158e-01
9.822496950232499913e-01 1.815124671954138902e-01 -4.731554585298702875e-02 -7.549881509239213528e+00 -1.807025005060920730e-01 9.833156362975177256e-01 2.090372511428355284e-02 -1.356323652690537358e+02 5.032040279626266710e-02 -1.198264016990945903e-02 9.986612405600712172e-01 7.926463271640553643e-01
9.817732564201220313e-01 1.855782862681673306e-01 -4.101185979688538874e-02 -7.936284395119711732e+00 -1.849143227569143011e-01 9.825618975582754988e-01 1.946306003773892734e-02 -1.373720882772893219e+02 4.390861211175969836e-02 -1.152463155380871115e-02 9.989690769237894452e-01 8.144958539665178021e-01
9.810437322477931765e-01 1.893219315597832464e-01 -4.135700240337748107e-02 -8.338859437657077933e+00 -1.886978576727953161e-01 9.818601440288169391e-01 1.854119945980439027e-02 -1.391105851691956445e+02 4.411704803154572335e-02 -1.038574976511129171e-02 9.989723831391931208e-01 8.126099200159636604e-01
9.801505120689026906e-01 1.931079204217756029e-01 -4.488100668930074949e-02 -8.760432464789369433e+00 -1.923709166827967665e-01 9.811135579426427666e-01 2.023899295293736869e-02 -1.408395288110176011e+02 4.794167399756011499e-02 -1.120345890811295583e-02 9.987873038854698793e-01 8.019521056968081929e-01
9.792046177184965394e-01 1.981292898030110605e-01 -4.362454768736935551e-02 -9.158696873561172680e+00 -1.974432296296028955e-01 9.801192925427284486e-01 1.955360475649770696e-02 -1.425748827939172827e+02 4.663140264033464877e-02 -1.053360848408008144e-02 9.988566240357517056e-01 8.042815610154059325e-01
9.782633414413394179e-01 2.027969910474402837e-01 -4.329220731413334355e-02 -9.558740995830046216e+00 -2.021478522700755065e-01 9.791721345502492069e-01 1.892555792848434407e-02 -1.443152450508085849e+02 4.622856924696250314e-02 -9.762752809177818042e-03 9.988831803784492536e-01 8.177623006397051197e-01
9.774317459148775811e-01 2.067142018370898282e-01 -4.354791426290106904e-02 -9.998674293641549582e+00 -2.060379704474774032e-01 9.783490412964905847e-01 1.953223305518666728e-02 -1.460523501729298914e+02 4.664265013566996909e-02 -1.011890078479850061e-02 9.988603861577597387e-01 8.269252776989187703e-01
9.764546384319141570e-01 2.112916264567310520e-01 -4.349928360408943095e-02 -1.041719569281370461e+01 -2.106315768197113969e-01 9.773752136200430929e-01 1.928809600808534946e-02 -1.478050653360502622e+02 4.659053478166767792e-02 -9.671628117557855633e-03 9.988672492770567235e-01 8.317574674687359115e-01
9.754580316587225797e-01 2.158909376412162517e-01 -4.327506807489776147e-02 -1.084557340044370122e+01 -2.152581833773836162e-01 9.763754324206231905e-01 1.883957150547415499e-02 -1.495742974121426414e+02 4.632000606173575924e-02 -9.061898798688475254e-03 9.988855485132434042e-01 8.248055349039993267e-01
9.745523672179337016e-01 2.201777153709988388e-01 -4.206491654489798865e-02 -1.127672064467175161e+01 -2.195597934836329146e-01 9.754170779792296075e-01 1.884200286291093374e-02 -1.513075659028683901e+02 4.517942712503409536e-02 -9.126754103672880120e-03 9.989371960860126132e-01 8.267807990145771280e-01
9.736382008416086808e-01 2.243337723660428495e-01 -4.126757126286654392e-02 -1.172926774586122001e+01 -2.237136110507750852e-01 9.744670272154695168e-01 1.913721767833201706e-02 -1.530415796034681932e+02 4.450701172329844107e-02 -9.400608802934348751e-03 9.989648414541907329e-01 8.453300631719364855e-01
9.727266269405003829e-01 2.282353215815411673e-01 -4.137084992512472803e-02 -1.220116464940654488e+01 -2.276672594330886035e-01 9.735722098301684557e-01 1.802141028413553961e-02 -1.547720110774471323e+02 4.439063215570851484e-02 -8.111117615527262126e-03 9.989813219214079831e-01 8.417793394654411454e-01
9.717422352130524743e-01 2.325240633786283262e-01 -4.061512345213517255e-02 -1.266857526868230899e+01 -2.320005200222947928e-01 9.725631251202193628e-01 1.722574717616993240e-02 -1.565297431751219221e+02 4.350617211988806049e-02 -7.316256302521239978e-03 9.990263687116524016e-01 8.377966371720219074e-01
9.709559131054290582e-01 2.367258808044504503e-01 -3.471991018075332863e-02 -1.314480107849992052e+01 -2.362787606678670160e-01 9.715448788622220722e-01 1.651955247115192635e-02 -1.582794096424511565e+02 3.764255653989600353e-02 -7.836179805712308044e-03 9.992605427130570872e-01 8.394537659660743500e-01
9.699804261812963180e-01 2.408267031774938838e-01 -3.377087297968680429e-02 -1.361753020744106379e+01 -2.403854594286486956e-01 9.705350654473596794e-01 1.662881933171507509e-02 -1.600182606620341517e+02 3.678048015494591455e-02 -8.011602445740216918e-03 9.992912540925308340e-01 8.414055636353712231e-01
9.690542265454751281e-01 2.442551160656559195e-01 -3.568395003504965662e-02 -1.410784897778850677e+01 -2.437945980001873236e-01 9.696813850675490842e-01 1.679897137942529609e-02 -1.617410955856101964e+02 3.870529679873332268e-02 -7.579559962994857070e-03 9.992219224328944271e-01 8.442812526638203696e-01
9.681076785700538645e-01 2.477512357611876270e-01 -3.724040644925410287e-02 -1.458419674461546656e+01 -2.472590405546100656e-01 9.687938820192540934e-01 1.736032908897031102e-02 -1.634567214009557574e+02 4.037932091696103815e-02 -7.598640725028943388e-03 9.991555289850609922e-01 8.338499213454750869e-01
9.672311213275899267e-01 2.514494989311326090e-01 -3.517253790466776109e-02 -1.506001478565291052e+01 -2.510263928418081103e-01 9.678473285072607402e-01 1.604053609418350235e-02 -1.651955571074505258e+02 3.807503161132225200e-02 -6.685670395772271186e-03 9.992525175245523528e-01 8.440761441122170972e-01
9.665790091014193619e-01 2.548339807427582593e-01 -2.801180864060334730e-02 -1.556655830575117250e+01 -2.545317408615526689e-01 9.669640584868209876e-01 1.393206692071139070e-02 -1.669529072970157131e+02 3.063677624205340261e-02 -6.336549020982426214e-03 9.995104982380120795e-01 8.391467512452569499e-01
9.658685536998565802e-01 2.579829323317074929e-01 -2.329685814183941536e-02 -1.609498340009091777e+01 -2.577268505491275286e-01 9.661242245623558045e-01 1.344816789806027590e-02 -1.687003443503411972e+02 2.597705679585453689e-02 -6.984936601026246750e-03 9.996381361177176794e-01 8.332433579533177204e-01
9.650999475895767343e-01 2.608385364980175258e-01 -2.335270948238325761e-02 -1.662420711874819546e+01 -2.605892718326719426e-01 9.653595067091977899e-01 1.320053831826795837e-02 -1.704413331213398237e+02 2.598696920215972511e-02 -6.654373279780419204e-03 9.996401336220647194e-01 8.387066312936719559e-01
9.641569410655499439e-01 2.642299633388444646e-01 -2.416442569304215124e-02 -1.711662909812386957e+01 -2.640057727938989740e-01 9.644452302053007076e-01 1.209751485805080767e-02 -1.721662827475195172e+02 2.650179100773880983e-02 -5.284355040820969129e-03 9.996347986465781155e-01 8.431742064178567864e-01
9.633233154850774360e-01 2.675782495430492069e-01 -2.025019047603181591e-02 -1.762001174992654384e+01 -2.674009235196979084e-01 9.635218907039472258e-01 1.105948620431233473e-02 -1.739099667614993052e+02 2.247077977397663948e-02 -5.238941283158934231e-03 9.997337733369724422e-01 8.409982067520850313e-01
9.625949322306366351e-01 2.704160013151034048e-01 -1.691693461138783078e-02 -1.814352357485196521e+01 -2.702756500755843505e-01 9.627295976178260606e-01 1.013877935646726944e-02 -1.756531257416452263e+02 1.902812182314047446e-02 -5.187302128160992641e-03 9.998054923216389556e-01 8.405716876610086485e-01
9.619367218583406709e-01 2.728786067746586386e-01 -1.466318877838471493e-02 -1.868495044307149300e+01 -2.727749585542144639e-01 9.620385745547155310e-01 8.695001695095705765e-03 -1.773770168784651560e+02 1.647923317924494119e-02 -4.364290715836566942e-03 9.998546833617232288e-01 8.368202428507020008e-01
9.612652877338311308e-01 2.751945911232365205e-01 -1.539427213315476203e-02 -1.922957658313334051e+01 -2.750772961936962524e-01 9.613769374684862923e-01 9.320151419350219957e-03 -1.791277852282662479e+02 1.736455345698352179e-02 -4.724523280586386161e-03 9.998380624696234786e-01 8.191495389667349247e-01
9.606364061569199198e-01 2.774741876535404272e-01 -1.362975978970715554e-02 -1.976804798574980637e+01 -2.773775203109845600e-01 9.607227707950111162e-01 8.571400240682622990e-03 -1.808743163481558156e+02 1.547276290927465658e-02 -4.453410150038576709e-03 9.998703719712815907e-01 8.106937489180050527e-01
9.598266358695585199e-01 2.803575165859655827e-01 -1.151051558688749588e-02 -2.028184878195998664e+01 -2.802972743687462409e-01 9.598906712553098020e-01 6.583100977697887643e-03 -1.826482752558409572e+02 1.289445837473416831e-02 -3.092269519429831966e-03 9.999120815413929941e-01 8.107761066912803072e-01
9.592151269281786741e-01 2.825988770066725775e-01 -6.649435068149906272e-03 -2.081765925175477960e+01 -2.825704521888407483e-01 9.592340162892263322e-01 4.903217661317037235e-03 -1.844026820752530114e+02 7.764008111283337774e-03 -2.824306677349255629e-03 9.999658711525309940e-01 8.155215638912364229e-01
9.587279302686756433e-01 2.842838163568188192e-01 -4.844324549814943252e-03 -2.136514142239171576e+01 -2.842609817276856021e-01 9.587344185203975355e-01 4.899899138515361602e-03 -1.861500313050943021e+02 6.037382707251552454e-03 -3.320617707256175166e-03 9.999762614722853549e-01 8.084724212966056811e-01
9.582783431111044914e-01 2.857968012374191291e-01 -4.775513238961599967e-03 -2.192133010255006553e+01 -2.857761640875383646e-01 9.582855018271804193e-01 4.569576264960717102e-03 -1.878923068309886730e+02 5.882275380216866849e-03 -3.014198116926683664e-03 9.999781564844619774e-01 7.778712422333295962e-01
9.577869071035215454e-01 2.874735551873927597e-01 -1.787637824406935637e-03 -2.246692693373051952e+01 -2.874674936677255599e-01 9.577855855905991200e-01 3.035147322504537157e-03 -1.896303112304698004e+02 2.584698331791376782e-03 -2.393136601657267978e-03 9.999937960966255313e-01 7.673910098798906176e-01
9.574145786292014293e-01 2.887140598309131945e-01 1.231374930922498083e-03 -2.303169310469278130e+01 -2.887157948231760529e-01 9.574135118512681064e-01 1.599107327019665256e-03 -1.913978845405514448e+02 -7.172502285309144670e-04 -1.886526059588023883e-03 9.999979632836939469e-01 7.715879854711819030e-01
9.570741434303347006e-01 2.898248821662434693e-01 3.259087972758590614e-03 -2.358751139729908886e+01 -2.898294113440572639e-01 9.570777926714344463e-01 1.005532263087585742e-03 -1.931663878716045133e+02 -2.827772453426096247e-03 -1.906948478049236154e-03 9.999941836083116042e-01 7.761962630115779582e-01
9.566812646017810451e-01 2.910928873686536855e-01 5.088111959992105970e-03 -2.413938824371542324e+01 -2.910976765533384025e-01 9.566933145711608022e-01 2.110926193253487813e-04 -1.949281020179659834e+02 -4.806315135852385137e-03 -1.683085923601231049e-03 9.999870331942253276e-01 7.638673434308120846e-01
9.563394638057070019e-01 2.922030122644866945e-01 5.677111182012080197e-03 -2.468779502652124691e+01 -2.922047982387338538e-01 9.563556211839285837e-01 -5.307694065128448161e-04 -1.966659328119275187e+02 -5.584429610404276732e-03 -1.151283397889732354e-03 9.999837442141068511e-01 7.541571783854760236e-01
9.558925389146262219e-01 2.935817552778510198e-01 8.899832320097710373e-03 -2.523452369057942946e+01 -2.935764544630361517e-01 9.559336572090680884e-01 -1.925720594673872767e-03 -1.984204233405496609e+02 -9.073005690657531472e-03 -7.719992693668302659e-04 9.999585414330263156e-01 7.326791935370231545e-01
9.556465919085419536e-01 2.943328461491993564e-01 1.038109104576121454e-02 -2.581590507623202768e+01 -2.943139189210485784e-01 9.557029647571652076e-01 -3.340701078968195872e-03 -2.001865798664947249e+02 -1.090451754655446560e-02 1.372300123469566945e-04 9.999405345644313270e-01 7.187415264820915528e-01
9.554098870901202023e-01 2.950483134619301118e-01 1.176606874509818733e-02 -2.638892209198060712e+01 -2.950227321077772413e-01 9.554823028617227543e-01 -3.893129553677901651e-03 -2.019473409791435756e+02 -1.239093176909721906e-02 2.482767199598213265e-04 9.999231986350570756e-01 7.028590276146853277e-01
9.551964742555697496e-01 2.956567443770751202e-01 1.366693360185415075e-02 -2.695697486464903037e+01 -2.956290733333810650e-01 9.552942266867001653e-01 -4.048636697191737924e-03 -2.037225563740298924e+02 -1.425294951141900350e-02 -1.730994173257261858e-04 9.998984065727960502e-01 6.896641834212103861e-01
9.549437611890443378e-01 2.963706427018218403e-01 1.571162342441198220e-02 -2.749085102982802198e+01 -2.963210263029757985e-01 9.550728455902822711e-01 -5.450595089706586696e-03 -2.054831922271669100e+02 -1.662114126263982208e-02 5.493273976753128805e-04 9.998617083889839163e-01 6.827042234352468375e-01
9.547351451857825078e-01 2.969362636766934016e-01 1.759709807917448840e-02 -2.802991119957544797e+01 -2.968551372000552413e-01 9.548960100893819636e-01 -7.115998406084549782e-03 -2.072273625297061130e+02 -1.891639672398729918e-02 1.570104806758757573e-03 9.998198361234270637e-01 6.761091662175255923e-01
9.545528235053604149e-01 2.974946583885212936e-01 1.805091045463229002e-02 -2.859674139821742855e+01 -2.974205200058410714e-01 9.547229059263914186e-01 -6.723628404508675410e-03 -2.090099239009636563e+02 -1.923386121919428218e-02 1.049347303728989829e-03 9.998144615141536518e-01 6.425010602542818861e-01
9.543785781341513896e-01 2.979805448210844920e-01 1.921261322061943583e-02 -2.916782632161554645e+01 -2.978930048350365567e-01 9.545710899266368621e-01 -7.334299327506130575e-03 -2.107909463985030527e+02 -2.052528365183679815e-02 1.276395080771892693e-03 9.997885194112849927e-01 6.164754232481677310e-01
9.544014380342358272e-01 2.978426156486866372e-01 2.019087372382521312e-02 -2.976209951911283369e+01 -2.977397147848480641e-01 9.546136176394273143e-01 -7.993951288479262188e-03 -2.125925939824306568e+02 -2.165542236993049652e-02 1.617813621511638225e-03 9.997641848761467109e-01 5.955746483334899422e-01
9.544858632641058938e-01 2.976142457364623906e-01 1.955754493005674999e-02 -3.032647981787128444e+01 -2.975026223528480229e-01 9.546835528680726046e-01 -8.455978735346167049e-03 -2.143435937551824964e+02 -2.118788621248715587e-02 2.252691259474276942e-03 9.997729736594884731e-01 5.830847009436781470e-01
9.544374002929096878e-01 2.975445731082395073e-01 2.272610692458390536e-02 -3.089422960166386645e+01 -2.973882341473237934e-01 9.547037150826510610e-01 -1.005259161215009411e-02 -2.161245927014957431e+02 -2.468779279013448569e-02 2.836092597161570753e-03 9.996911870502468433e-01 5.660208928245331617e-01
9.543190221368240689e-01 2.977435511098469600e-01 2.497962690501941141e-02 -3.144289414631291990e+01 -2.975342913394238842e-01 9.546382168978975180e-01 -1.179916586669038127e-02 -2.179168171299461108e+02 -2.735963203266496280e-02 3.827872842822000951e-03 9.996183261247946206e-01 5.581511912710144241e-01
9.544336338072380022e-01 2.976082217579070210e-01 2.204053083769772978e-02 -3.200516822654087434e+01 -2.974328917174087206e-01 9.546802481700167320e-01 -1.092239344903146378e-02 -2.197207908865078139e+02 -2.429225354163863995e-02 3.869120847388315531e-03 9.996974123812349955e-01 5.236356374710753325e-01
9.545733867174586162e-01 2.971993739341592389e-01 2.149840700854365252e-02 -3.257607979919619368e+01 -2.970309113221902275e-01 9.548076957090119166e-01 -1.071923196670765237e-02 -2.215135446778936910e+02 -2.371259348680257797e-02 3.846602135747087797e-03 9.997114166408919145e-01 5.045484339298176302e-01
9.546578910453011879e-01 2.967636709434587350e-01 2.365659893349770365e-02 -3.315494734042360392e+01 -2.965632692345440691e-01 9.549421148837609064e-01 -1.165266331141640369e-02 -2.233024367070487983e+02 -2.604876975707531156e-02 4.108628663249230296e-03 9.996522299103075548e-01 4.851672228377784668e-01
9.545399805670594651e-01 2.970353751435502732e-01 2.496820803277690834e-02 -3.371486723856759937e+01 -2.968162095663330335e-01 9.548572821242544695e-01 -1.215353911240302058e-02 -2.251046176280617317e+02 -2.745110631126477727e-02 4.190070120221668290e-03 9.996143656804233890e-01 4.568583501162566951e-01
9.542879959595743644e-01 2.975830401706633377e-01 2.790618157764959695e-02 -3.428534985229361354e+01 -2.973150784516949696e-01 9.546853735053715262e-01 -1.340081117588539511e-02 -2.268902738449968979e+02 -3.062947751304009869e-02 4.491304676222205618e-03 9.995207167885934441e-01 4.418895883880537001e-01
9.542610301937610728e-01 2.978477082419330180e-01 2.593509106539046774e-02 -3.485727167323661035e+01 -2.975635810258075442e-01 9.545950477325402250e-01 -1.429020964181368369e-02 -2.286844660515914995e+02 -2.901381568562516958e-02 5.919251602833931585e-03 9.995614843319158282e-01 4.266141327432465546e-01
9.544209582386090629e-01 2.976625653876442401e-01 2.185478532819866426e-02 -3.543597981905927696e+01 -2.974391237311161396e-01 9.546533244906643123e-01 -1.292275949587440818e-02 -2.304992151230199511e+02 -2.471036521302416578e-02 5.833284303788476358e-03 9.996776333625105870e-01 3.961793812182969332e-01
9.545218730644425831e-01 2.973976539818098397e-01 2.103875584876260113e-02 -3.600022643337918282e+01 -2.971887074879852042e-01 9.547367182614344694e-01 -1.251682647507426811e-02 -2.322870623738316169e+02 -2.380894754433565685e-02 5.695103993961449576e-03 9.997003049951165288e-01 3.697551992601338933e-01
9.545316907861259859e-01 2.971834575240070997e-01 2.347858298654862536e-02 -3.658795262296476380e+01 -2.969165026329261270e-01 9.547975801940954410e-01 -1.421869613331524541e-02 -2.341449009586086731e+02 -2.664285550032473998e-02 6.601017313764613939e-03 9.996232214295605045e-01 3.463730632116004404e-01
9.544559452303265079e-01 2.973382963779164223e-01 2.457205977451630205e-02 -3.715303572235779228e+01 -2.970339700825829210e-01 9.547441849812017267e-01 -1.530888178673161376e-02 -2.359753963029661179e+02 -2.801194801264763126e-02 7.312916768243137543e-03 9.995808381601147818e-01 3.256375128231137617e-01
9.545352277863706769e-01 2.970400157464984647e-01 2.509438104718572995e-02 -3.772202627828225019e+01 -2.967389371156359812e-01 9.548399011606651943e-01 -1.505876326175838859e-02 -2.377489907312731816e+02 -2.843417159517839729e-02 6.927640060726919687e-03 9.995716611073389712e-01 2.891938281805234157e-01
9.546252840411553198e-01 2.968391212928924161e-01 2.402297107784387084e-02 -3.831229255683349777e+01 -2.965384122886148277e-01 9.548980419612733694e-01 -1.531990521751588202e-02 -2.395517346841197934e+02 -2.748703524738322843e-02 7.501035167875542108e-03 9.995940162709655574e-01 2.601553285286558603e-01
9.544816341602948562e-01 2.972372242741256887e-01 2.479601896486893081e-02 -3.887036041286075516e+01 -2.969161041076830987e-01 9.547721292963432527e-01 -1.584323958167229568e-02 -2.413673318494542741e+02 -2.838374838192665034e-02 7.759743857878532471e-03 9.995669808487330776e-01 2.487371971451526331e-01
9.542669660638365414e-01 2.978543702717217356e-01 2.563847868647141370e-02 -3.944765477188255431e+01 -2.975059705815351063e-01 9.545763057292483422e-01 -1.656122002267196303e-02 -2.432104087546665312e+02 -2.940671602983434274e-02 8.176224699498156612e-03 9.995340886643155898e-01 2.175484995448343228e-01
9.541316767340363159e-01 2.981993936604661610e-01 2.664329321286725699e-02 -4.004755479663249673e+01 -2.978135084050608783e-01 9.544631254129897213e-01 -1.752873179486495389e-02 -2.450574581623712049e+02 -3.065709810411364200e-02 8.789985631266969413e-03 9.994913098613898983e-01 1.863636145692241231e-01
9.541215345563648365e-01 2.984015047775059326e-01 2.467061495641413929e-02 -4.060797191883306567e+01 -2.980528952858859659e-01 9.544005071492436265e-01 -1.685655851492938451e-02 -2.468650210285634330e+02 -2.857566985231037651e-02 8.730057261361069340e-03 9.995535089192099099e-01 1.510319132631952610e-01
9.542406308614667099e-01 2.982081203582836459e-01 2.228756077926741241e-02 -4.117633838819976688e+01 -2.979033497395125463e-01 9.544618046926616195e-01 -1.600804787615348057e-02 -2.486773950863041023e+02 -2.604635535133009716e-02 8.635990690534516359e-03 9.996234326173557561e-01 1.101911959981835276e-01
9.546437838858132796e-01 2.971613022238348001e-01 1.871914391234989067e-02 -4.177844118491100289e+01 -2.968923809750611542e-01 9.547791669372578394e-01 -1.586368499293316914e-02 -2.504985122608862014e+02 -2.258672192098079567e-02 9.586597062073935055e-03 9.996989232512125678e-01 6.890573360829385652e-02
9.546242381673013533e-01 2.968830911857984201e-01 2.351582597878306216e-02 -4.235579952622180855e+01 -2.965089475876027669e-01 9.548578313094837622e-01 -1.813741953646268862e-02 -2.523286382621728023e+02 -2.783896377367075028e-02 1.034176749469424561e-02 9.995589226959529228e-01 5.149019556161105182e-02
9.545641061085335943e-01 2.969318640180197422e-01 2.527519455910382656e-02 -4.294413187587355907e+01 -2.965071129263185945e-01 9.548367337249004105e-01 -1.924432159528905589e-02 -2.541886988628644986e+02 -2.984793650012748656e-02 1.087566367390137290e-02 9.994952829435147512e-01 2.749455799220715257e-02
9.545272658327753623e-01 2.970342172496903133e-01 2.546316093241261791e-02 -4.353152871042351535e+01 -2.966021915755999161e-01 9.548036593501503244e-01 -1.941937290731117483e-02 -2.560359292904394692e+02 -3.008053746789236815e-02 1.098389158840703400e-02 9.994871261758286884e-01 -1.682231312244766852e-02
9.544787551500311107e-01 2.972771955627438456e-01 2.442488414705741226e-02 -4.412083710502351863e+01 -2.968627784851435858e-01 9.547268273547709905e-01 -1.921395011896031429e-02 -2.578857436063913156e+02 -2.903096135727493629e-02 1.108846821898683277e-02 9.995170079369479765e-01 -5.782650715941363428e-02
9.543139687849698793e-01 2.978415306434559207e-01 2.398482032125513752e-02 -4.468333968191017647e+01 -2.974396949896963016e-01 9.545525147165118129e-01 -1.895058027660300945e-02 -2.597297749993015827e+02 -2.853904038884291089e-02 1.095076583380638971e-02 9.995326927626415614e-01 -1.080280079385245035e-01
9.543640263199782980e-01 2.977352770042150931e-01 2.330257697215197890e-02 -4.526108030724120823e+01 -2.973042406218789901e-01 9.545678678843366738e-01 -2.025769263759882519e-02 -2.615566515438908937e+02 -2.827532094543949368e-02 1.240525815833286652e-02 9.995231942258556712e-01 -1.414173842977805018e-01
9.544800244253386357e-01 2.974542972691147091e-01 2.210936473854889506e-02 -4.584632831845928536e+01 -2.970006111898338408e-01 9.546321991714580291e-01 -2.163333672670185101e-02 -2.633638372201372135e+02 -2.754124045627204947e-02 1.408209292693597507e-02 9.995214728723574860e-01 -1.795009120373204925e-01
9.544476408013087276e-01 2.974276977287685364e-01 2.380053765317336270e-02 -4.641764603049327320e+01 -2.969546003040332005e-01 9.546496126910657409e-01 -2.149610074106719781e-02 -2.652124158437846972e+02 -2.911470980600236805e-02 1.344922349291966142e-02 9.994855937232660636e-01 -2.086336826338264228e-01
9.544612526790469120e-01 2.973859555404519961e-01 2.377626088426933876e-02 -4.700899470799694768e+01 -2.969211766550492460e-01 9.546661672689266132e-01 -2.122083706734684966e-02 -2.670539031140973520e+02 -2.900917075901269376e-02 1.319479137198315173e-02 9.994920537415613593e-01 -2.431017878108808206e-01
