1788359059.1994 0.0000 0.0000 0.0000 0.0000 0.0000 0.0000 1.0000
1788359059.2799 -0.0257 0.5243 0.0105 0.0003 -0.0039 0.0010 1.0000
1788359059.3893 -0.0664 1.0628 0.0128 0.0004 -0.0043 0.0026 1.0000
1788359059.4841 -0.1103 1.6103 0.0260 0.0007 -0.0044 0.0043 1.0000
1788359059.6041 -0.1341 1.9794 0.0388 0.0011 -0.0053 0.0053 1.0000
1788359059.6927 -0.1565 2.3768 -0.0028 0.0005 -0.0106 0.0060 0.9999
1788359059.7853 -0.1825 2.9466 -0.0000 0.0005 -0.0067 0.0068 1.0000
1788359059.8696 -0.2194 3.4576 0.0216 0.0008 -0.0044 0.0079 1.0000
1788359059.9859 -0.2217 3.9828 0.0278 0.0007 -0.0001 0.0087 1.0000
1788359060.0783 -0.2395 4.4657 0.0299 0.0004 -0.0009 0.0095 1.0000
1788359060.1738 -0.2684 4.8938 0.0321 0.0008 -0.0105 0.0104 0.9999
1788359060.2720 -0.2867 5.3385 0.0380 0.0010 -0.0143 0.0110 0.9998
1788359060.3804 -0.2764 5.7827 0.0418 0.0007 -0.0101 0.0115 0.9999
1788359060.4764 -0.2861 6.2310 0.0224 0.0005 -0.0036 0.0122 0.9999
1788359060.5877 -0.3161 6.6581 0.0265 0.0006 -0.0103 0.0132 0.9999
1788359060.6759 -0.3568 7.0810 0.0343 0.0003 -0.0188 0.0143 0.9997
1788359060.7706 -0.3796 7.5737 0.0527 0.0007 -0.0267 0.0145 0.9995
1788359060.8705 -0.3888 8.0137 0.0420 0.0010 -0.0196 0.0146 0.9997
1788359060.9855 -0.4047 8.5231 0.0398 0.0011 -0.0128 0.0151 0.9998
1788359061.0832 -0.4111 9.0283 0.0389 0.0005 -0.0071 0.0156 0.9999
1788359061.1744 -0.4492 9.5237 0.0209 0.0004 -0.0166 0.0164 0.9997
1788359061.2714 -0.4660 9.9915 0.0267 0.0008 -0.0217 0.0166 0.9996
1788359061.3744 -0.4830 10.4762 0.0458 0.0010 -0.0248 0.0169 0.9995
1788359061.4817 -0.4945 10.9453 0.0675 0.0012 -0.0237 0.0172 0.9996
1788359061.5772 -0.4953 11.3960 0.0667 0.0013 -0.0175 0.0174 0.9997
1788359061.6828 -0.4845 11.8279 0.0629 0.0010 -0.0184 0.0174 0.9997
1788359061.7784 -0.5270 12.2644 0.0555 0.0008 -0.0215 0.0177 0.9996
1788359061.8760 -0.5440 12.6979 0.0778 0.0013 -0.0220 0.0175 0.9996
1788359061.9788 -0.5497 12.7653 0.0878 0.0017 -0.0269 0.0173 0.9995
1788359062.0779 -0.5379 12.7026 0.0830 0.0015 -0.0252 0.0173 0.9995
1788359062.1745 -0.5402 12.6535 0.0585 0.0008 -0.0252 0.0175 0.9995
1788359062.2827 -0.5390 12.5308 0.0544 0.0009 -0.0209 0.0174 0.9996
1788359062.3783 -0.5501 12.5146 0.0736 0.0014 -0.0235 0.0177 0.9996
1788359062.4773 -0.5547 12.5469 0.0919 0.0014 -0.0288 0.0178 0.9994
1788359062.5692 -0.5579 12.5693 0.0757 0.0012 -0.0329 0.0180 0.9993
1788359062.6709 -0.5371 12.5235 0.0555 0.0010 -0.0276 0.0179 0.9995
1788359062.7724 -0.5205 12.4725 0.0735 0.0009 -0.0206 0.0177 0.9996
1788359062.8713 -0.5162 12.4467 0.0929 0.0012 -0.0241 0.0177 0.9996
1788359062.9723 -0.5310 12.4123 0.0772 0.0014 -0.0283 0.0178 0.9994
1788359063.0871 -0.5412 12.3882 0.0686 0.0011 -0.0274 0.0179 0.9995
1788359063.1814 -0.5452 12.3056 0.0706 0.0010 -0.0248 0.0178 0.9995
1788359063.2714 -0.5380 12.2139 0.0731 0.0014 -0.0237 0.0178 0.9996
1788359063.3731 -0.5316 12.1076 0.0875 0.0012 -0.0247 0.0177 0.9995
1788359063.4750 -0.5302 11.9863 0.0789 0.0007 -0.0261 0.0179 0.9995
1788359063.5685 -0.5246 11.8533 0.0509 0.0007 -0.0280 0.0179 0.9994
1788359063.6694 -0.5174 11.7192 0.0567 0.0009 -0.0292 0.0181 0.9994
1788359063.7724 -0.5142 11.6623 0.0713 0.0007 -0.0242 0.0181 0.9995
1788359063.8755 -0.5353 11.4890 0.0800 0.0008 -0.0215 0.0181 0.9996
1788359063.9791 -0.5645 11.5276 0.0543 0.0007 -0.0213 0.0184 0.9996
1788359064.0736 -0.5533 11.4745 0.0459 0.0004 -0.0220 0.0183 0.9996
1788359064.1796 -0.5473 11.4318 0.0501 0.0005 -0.0253 0.0181 0.9995
1788359064.2884 -0.5475 11.3648 0.0632 0.0010 -0.0282 0.0182 0.9994
1788359064.3707 -0.5371 11.3213 0.0826 0.0011 -0.0279 0.0182 0.9994
1788359064.4686 -0.5777 11.4062 0.0575 0.0004 -0.0241 0.0187 0.9995
1788359064.5671 -0.5735 11.4169 0.0173 0.0001 -0.0209 0.0188 0.9996
1788359064.6747 -0.5908 11.4458 0.0210 0.0002 -0.0232 0.0191 0.9995
1788359064.7735 -0.5898 11.4549 0.0600 0.0004 -0.0256 0.0193 0.9995
1788359064.8725 -0.5795 11.4635 0.0592 0.0004 -0.0244 0.0191 0.9995
1788359064.9738 -0.5630 11.4736 0.0401 0.0004 -0.0250 0.0188 0.9995
1788359065.0708 -0.5763 11.4882 0.0478 0.0006 -0.0221 0.0190 0.9996
1788359065.1721 -0.6061 11.5317 0.0666 0.0006 -0.0172 0.0195 0.9997
1788359065.2781 -0.6214 11.5914 0.0524 0.0005 -0.0171 0.0198 0.9997
1788359065.3762 -0.6142 11.5940 0.0353 0.0002 -0.0198 0.0196 0.9996
1788359065.4706 -0.6069 11.4948 0.0309 -0.0000 -0.0243 0.0198 0.9995
1788359065.5692 -0.5954 11.3971 0.0370 0.0003 -0.0277 0.0200 0.9994
1788359065.6688 -0.5980 11.3670 0.0388 0.0005 -0.0307 0.0204 0.9993
1788359065.7751 -0.6594 11.4035 0.0188 0.0001 -0.0291 0.0218 0.9993
1788359065.8708 -0.7342 11.4956 -0.0014 -0.0005 -0.0184 0.0231 0.9996
1788359065.9808 -0.7968 11.4455 -0.0124 -0.0012 -0.0119 0.0239 0.9996
1788359066.0662 -0.8023 11.4691 0.0302 -0.0006 -0.0071 0.0243 0.9997
1788359066.1714 -0.8473 11.4218 0.0356 -0.0000 -0.0138 0.0246 0.9996
1788359066.2772 -0.8948 11.3936 0.0262 -0.0002 -0.0129 0.0252 0.9996
1788359066.3844 -0.9165 11.3556 0.0105 -0.0007 -0.0123 0.0259 0.9996
1788359066.4787 -0.9677 11.3172 0.0150 -0.0007 -0.0113 0.0273 0.9996
1788359066.5866 -0.9796 11.4409 0.0108 -0.0010 -0.0004 0.0282 0.9996
1788359066.6831 -1.0033 11.5387 0.0198 -0.0013 0.0054 0.0285 0.9996
1788359066.7782 -1.0218 11.6729 0.0270 -0.0011 0.0033 0.0289 0.9996
1788359066.8772 -1.0258 11.5037 0.0068 -0.0012 0.0022 0.0297 0.9996
1788359066.9807 -1.0761 11.3518 0.0185 -0.0011 -0.0027 0.0312 0.9995
1788359067.0756 -1.1092 11.2060 0.0327 -0.0011 -0.0001 0.0321 0.9995
1788359067.1810 -1.0941 10.9602 0.0468 -0.0009 0.0097 0.0328 0.9994
1788359067.2813 -1.1020 10.7167 0.0721 -0.0010 0.0200 0.0329 0.9993
1788359067.3867 -1.1607 10.5245 0.0447 -0.0015 0.0228 0.0337 0.9992
1788359067.4764 -1.1872 10.3254 0.0513 -0.0014 0.0202 0.0346 0.9992
1788359067.5773 -1.1201 10.0415 0.0413 -0.0017 0.0057 0.0354 0.9994
1788359067.6740 -1.1336 9.8301 -0.0015 -0.0022 0.0013 0.0371 0.9993
1788359067.7812 -1.1679 9.6249 -0.0047 -0.0021 0.0095 0.0392 0.9992
1788359067.8743 -1.1650 9.4061 0.0284 -0.0023 0.0144 0.0403 0.9991
1788359067.9799 -1.1274 9.1376 0.0068 -0.0029 0.0074 0.0411 0.9991
1788359068.0778 -1.0307 8.9160 0.0278 -0.0028 0.0065 0.0414 0.9991
1788359068.1829 -0.9565 8.6086 0.0215 -0.0029 0.0060 0.0416 0.9991
1788359068.2829 -1.0566 8.0932 -0.0033 -0.0035 0.0148 0.0435 0.9989
1788359068.3735 -1.0406 7.1802 0.0165 -0.0031 0.0164 0.0445 0.9989
1788359068.4662 -0.9715 6.2179 0.0181 -0.0033 0.0207 0.0454 0.9988
1788359068.5795 -0.7915 5.1824 0.0069 -0.0040 0.0117 0.0452 0.9989
1788359068.6771 -0.7721 4.0160 -0.0328 -0.0043 0.0069 0.0464 0.9989
1788359068.7915 -0.7315 2.5631 -0.0106 -0.0040 0.0025 0.0473 0.9989
1788359068.8724 -0.6059 1.0673 0.0307 -0.0038 0.0063 0.0473 0.9989
1788359068.9719 -0.4473 -0.4663 0.0151 -0.0036 0.0066 0.0467 0.9989
1788359069.0697 -0.3507 -2.0174 -0.0126 -0.0037 0.0090 0.0465 0.9989
1788359069.1736 -0.2977 -3.7455 -0.0248 -0.0045 0.0083 0.0469 0.9989
1788359069.2740 -0.2336 -5.3317 -0.0276 -0.0043 0.0034 0.0472 0.9989
1788359069.3887 -0.1760 -6.7434 0.0024 -0.0037 -0.0031 0.0472 0.9989
1788359069.4738 -0.0723 -8.2993 0.0177 -0.0041 -0.0049 0.0468 0.9989
1788359069.5808 0.0422 -9.9813 0.0417 -0.0042 -0.0017 0.0464 0.9989
1788359069.6959 0.1299 -11.7333 0.0780 -0.0037 0.0058 0.0461 0.9989
1788359069.7781 0.2665 -13.4043 0.0767 -0.0040 -0.0018 0.0453 0.9990
1788359069.8879 0.3387 -15.1207 0.0980 -0.0038 -0.0036 0.0448 0.9990
1788359069.9741 0.4350 -16.8258 0.0778 -0.0038 -0.0052 0.0441 0.9990
1788359070.0731 0.5322 -18.4109 0.0615 -0.0042 -0.0056 0.0435 0.9990
1788359070.1794 0.6327 -20.0229 0.0661 -0.0046 -0.0069 0.0426 0.9991
1788359070.2762 0.8182 -21.7926 0.1169 -0.0041 -0.0072 0.0408 0.9991
1788359070.3863 0.9483 -23.4837 0.1428 -0.0037 -0.0095 0.0396 0.9992
1788359070.4684 1.0727 -25.1599 0.1211 -0.0041 -0.0123 0.0384 0.9992
1788359070.5666 1.1956 -26.7999 0.1201 -0.0042 -0.0121 0.0370 0.9992
1788359070.6727 1.2819 -28.4466 0.1663 -0.0039 -0.0099 0.0359 0.9993
1788359070.7791 1.3697 -30.1811 0.1880 -0.0038 -0.0084 0.0345 0.9994
1788359070.8779 1.4366 -31.9393 0.1878 -0.0037 -0.0114 0.0330 0.9994
1788359070.9791 1.4871 -33.6065 0.1468 -0.0041 -0.0156 0.0316 0.9994
1788359071.0713 1.5343 -35.2646 0.1152 -0.0048 -0.0154 0.0302 0.9994
1788359071.1703 1.5680 -36.9297 0.1098 -0.0048 -0.0151 0.0290 0.9995
1788359071.2702 1.6746 -38.6918 0.1759 -0.0043 -0.0168 0.0269 0.9995
1788359071.3726 1.7131 -40.3973 0.2176 -0.0043 -0.0207 0.0249 0.9995
1788359071.4775 1.7299 -42.0551 0.2089 -0.0044 -0.0221 0.0231 0.9995
1788359071.5844 1.7566 -43.7495 0.2133 -0.0042 -0.0209 0.0214 0.9995
1788359071.6762 1.7739 -45.4916 0.1925 -0.0045 -0.0212 0.0196 0.9996
1788359071.7748 1.7290 -47.1835 0.2088 -0.0047 -0.0225 0.0182 0.9996
1788359071.8782 1.7238 -48.8954 0.2265 -0.0046 -0.0228 0.0163 0.9996
1788359071.9802 1.7342 -50.6022 0.2327 -0.0046 -0.0234 0.0142 0.9996
1788359072.0776 1.7299 -52.3473 0.2383 -0.0045 -0.0246 0.0123 0.9996
1788359072.1690 1.6727 -54.0991 0.2458 -0.0045 -0.0246 0.0105 0.9996
1788359072.2811 1.6374 -55.8112 0.2427 -0.0053 -0.0255 0.0085 0.9996
1788359072.3737 1.6330 -57.5271 0.2540 -0.0055 -0.0263 0.0062 0.9996
1788359072.4735 1.6471 -59.2446 0.2668 -0.0054 -0.0260 0.0037 0.9996
1788359072.5688 1.6126 -60.9740 0.2826 -0.0053 -0.0261 0.0014 0.9996
1788359072.6791 1.5397 -62.7118 0.2811 -0.0057 -0.0288 -0.0007 0.9996
1788359072.7775 1.4623 -64.4447 0.2935 -0.0057 -0.0283 -0.0027 0.9996
1788359072.8757 1.3810 -66.1758 0.3018 -0.0057 -0.0275 -0.0047 0.9996
1788359072.9747 1.3207 -67.8938 0.3111 -0.0058 -0.0273 -0.0068 0.9996
1788359073.0713 1.2459 -69.5981 0.3373 -0.0059 -0.0260 -0.0088 0.9996
1788359073.1714 1.1489 -71.3073 0.3504 -0.0058 -0.0253 -0.0109 0.9996
1788359073.2725 1.0233 -73.0402 0.3255 -0.0064 -0.0271 -0.0129 0.9995
1788359073.3696 0.9165 -74.8088 0.3282 -0.0067 -0.0272 -0.0153 0.9995
1788359073.4695 0.8236 -76.5466 0.3677 -0.0062 -0.0252 -0.0176 0.9995
1788359073.5712 0.7184 -78.2615 0.3926 -0.0056 -0.0251 -0.0197 0.9995
1788359073.6663 0.5607 -79.9711 0.3860 -0.0064 -0.0265 -0.0215 0.9994
1788359073.7683 0.4260 -81.7236 0.3921 -0.0069 -0.0279 -0.0237 0.9993
1788359073.8699 0.2981 -83.4615 0.4105 -0.0067 -0.0273 -0.0260 0.9993
1788359073.9658 0.1484 -85.2058 0.4155 -0.0066 -0.0270 -0.0280 0.9992
1788359074.0687 -0.0205 -86.9582 0.4075 -0.0072 -0.0278 -0.0299 0.9991
1788359074.1682 -0.1759 -88.6655 0.4360 -0.0071 -0.0267 -0.0321 0.9991
1788359074.2702 -0.3428 -90.3698 0.4467 -0.0072 -0.0259 -0.0342 0.9991
1788359074.3660 -0.5271 -92.1098 0.4509 -0.0073 -0.0269 -0.0364 0.9989
1788359074.4718 -0.7167 -93.8365 0.4518 -0.0076 -0.0266 -0.0387 0.9989
1788359074.5730 -0.9170 -95.5737 0.4791 -0.0077 -0.0252 -0.0410 0.9988
1788359074.6698 -1.1377 -97.3671 0.4986 -0.0076 -0.0244 -0.0433 0.9987
1788359074.7741 -1.3689 -99.1258 0.5165 -0.0074 -0.0259 -0.0453 0.9986
1788359074.8714 -1.5800 -100.8327 0.5213 -0.0080 -0.0267 -0.0475 0.9985
1788359074.9788 -1.7732 -102.5601 0.5360 -0.0080 -0.0255 -0.0498 0.9984
1788359075.0770 -2.0157 -104.2917 0.5455 -0.0078 -0.0255 -0.0517 0.9983
1788359075.1687 -2.2723 -106.0542 0.5759 -0.0078 -0.0242 -0.0538 0.9982
1788359075.2709 -2.5332 -107.7835 0.5989 -0.0083 -0.0236 -0.0558 0.9981
1788359075.3697 -2.7723 -109.5044 0.6104 -0.0085 -0.0241 -0.0581 0.9980
1788359075.4691 -3.0218 -111.2273 0.6203 -0.0084 -0.0255 -0.0602 0.9978
1788359075.5687 -3.3223 -112.9592 0.6295 -0.0088 -0.0259 -0.0621 0.9977
1788359075.6662 -3.5969 -114.6995 0.6544 -0.0085 -0.0240 -0.0645 0.9976
1788359075.7744 -3.8747 -116.4262 0.6594 -0.0085 -0.0238 -0.0666 0.9975
1788359075.8680 -4.1489 -118.1661 0.6856 -0.0087 -0.0239 -0.0687 0.9973
1788359075.9699 -4.4413 -119.9436 0.7024 -0.0087 -0.0233 -0.0711 0.9972
1788359076.0688 -4.7720 -121.7136 0.7151 -0.0082 -0.0232 -0.0731 0.9970
1788359076.1700 -5.1227 -123.4491 0.7121 -0.0086 -0.0250 -0.0751 0.9968
1788359076.2704 -5.4571 -125.1772 0.7233 -0.0088 -0.0248 -0.0774 0.9967
1788359076.3685 -5.7793 -126.9031 0.7380 -0.0081 -0.0239 -0.0797 0.9965
1788359076.4750 -6.1126 -128.6380 0.7603 -0.0076 -0.0224 -0.0820 0.9964
1788359076.5709 -6.4675 -130.3829 0.7625 -0.0080 -0.0226 -0.0841 0.9962
1788359076.6681 -6.8348 -132.1537 0.7611 -0.0080 -0.0233 -0.0861 0.9960
1788359076.7695 -7.1913 -133.8752 0.7658 -0.0079 -0.0244 -0.0884 0.9958
1788359076.8678 -7.5499 -135.6324 0.7926 -0.0083 -0.0245 -0.0910 0.9955
1788359076.9686 -7.9363 -137.3721 0.8145 -0.0078 -0.0213 -0.0931 0.9954
1788359077.0714 -8.3389 -139.1106 0.8126 -0.0073 -0.0215 -0.0950 0.9952
1788359077.1740 -8.7604 -140.8395 0.8020 -0.0079 -0.0233 -0.0969 0.9950
1788359077.2720 -9.1587 -142.5749 0.8043 -0.0076 -0.0227 -0.0994 0.9948
1788359077.3667 -9.5587 -144.3152 0.8178 -0.0072 -0.0225 -0.1018 0.9945
1788359077.4761 -9.9987 -146.0524 0.8269 -0.0075 -0.0227 -0.1038 0.9943
1788359077.5662 -10.4172 -147.8051 0.8318 -0.0073 -0.0227 -0.1061 0.9941
1788359077.6665 -10.8456 -149.5743 0.8248 -0.0070 -0.0225 -0.1085 0.9938
1788359077.7668 -11.2767 -151.3076 0.8268 -0.0070 -0.0220 -0.1106 0.9936
1788359077.8702 -11.7293 -153.0416 0.8453 -0.0072 -0.0216 -0.1128 0.9934
1788359077.9658 -12.2012 -154.7720 0.8418 -0.0066 -0.0216 -0.1148 0.9931
1788359078.0665 -12.6686 -156.5297 0.8378 -0.0062 -0.0212 -0.1170 0.9929
1788359078.1692 -13.1448 -158.2794 0.8395 -0.0061 -0.0182 -0.1191 0.9927
1788359078.2666 -13.6175 -160.0183 0.8414 -0.0062 -0.0178 -0.1212 0.9924
1788359078.3672 -14.1078 -161.7411 0.8443 -0.0061 -0.0187 -0.1230 0.9922
1788359078.4674 -14.5842 -163.4567 0.8338 -0.0063 -0.0196 -0.1248 0.9920
1788359078.5665 -15.0600 -165.1956 0.8441 -0.0057 -0.0185 -0.1267 0.9918
1788359078.6670 -15.5666 -166.9529 0.8391 -0.0051 -0.0148 -0.1284 0.9916
1788359078.7678 -16.0950 -168.7003 0.8332 -0.0052 -0.0124 -0.1300 0.9914
1788359078.8685 -16.6242 -170.4413 0.8387 -0.0050 -0.0124 -0.1315 0.9912
1788359078.9695 -17.1166 -172.1663 0.8432 -0.0044 -0.0128 -0.1333 0.9910
1788359079.0668 -17.6200 -173.9100 0.8410 -0.0041 -0.0108 -0.1350 0.9908
1788359079.1664 -18.1435 -175.6531 0.8406 -0.0039 -0.0091 -0.1365 0.9906
1788359079.2698 -18.6850 -177.3770 0.8368 -0.0033 -0.0079 -0.1377 0.9904
1788359079.3674 -19.2296 -179.1278 0.8191 -0.0035 -0.0083 -0.1389 0.9903
1788359079.4755 -19.7680 -180.8743 0.8107 -0.0033 -0.0073 -0.1401 0.9901
1788359079.5734 -20.2818 -182.6483 0.8108 -0.0024 -0.0062 -0.1416 0.9899
1788359079.6666 -20.8177 -184.4027 0.8155 -0.0020 -0.0036 -0.1428 0.9897
1788359079.7738 -21.3651 -186.1500 0.8085 -0.0021 -0.0027 -0.1436 0.9896
1788359079.8730 -21.9213 -187.8923 0.7779 -0.0019 -0.0027 -0.1444 0.9895
1788359079.9689 -22.4669 -189.6303 0.7674 -0.0014 -0.0011 -0.1453 0.9894
1788359080.0675 -23.0317 -191.3979 0.7716 -0.0009 0.0005 -0.1459 0.9893
1788359080.1705 -23.5875 -193.1664 0.7762 -0.0007 0.0015 -0.1465 0.9892
1788359080.2694 -24.1394 -194.9281 0.7639 -0.0005 0.0025 -0.1471 0.9891
1788359080.3678 -24.6878 -196.6659 0.7542 -0.0002 0.0028 -0.1477 0.9890
1788359080.4668 -25.2345 -198.4204 0.7327 0.0003 0.0045 -0.1484 0.9889
1788359080.5686 -25.8159 -200.1866 0.7187 0.0009 0.0054 -0.1488 0.9888
1788359080.6738 -26.3889 -201.9473 0.7029 0.0010 0.0061 -0.1492 0.9888
1788359080.7706 -26.9570 -203.7226 0.6897 0.0010 0.0071 -0.1495 0.9887
1788359080.8719 -27.4909 -205.4832 0.6827 0.0015 0.0082 -0.1499 0.9887
1788359080.9725 -28.0299 -207.2274 0.6761 0.0022 0.0092 -0.1502 0.9886
1788359081.0743 -28.5967 -209.0099 0.6425 0.0020 0.0094 -0.1504 0.9886
1788359081.1687 -29.1678 -210.7909 0.6165 0.0022 0.0100 -0.1507 0.9885
1788359081.2721 -29.7621 -212.5926 0.5956 0.0024 0.0106 -0.1506 0.9885
1788359081.3653 -30.3265 -214.3436 0.5831 0.0027 0.0103 -0.1505 0.9886
1788359081.4695 -30.8942 -216.1246 0.5660 0.0033 0.0120 -0.1505 0.9885
1788359081.5677 -31.4429 -217.9168 0.5582 0.0040 0.0132 -0.1505 0.9885
1788359081.6738 -32.0052 -219.7208 0.5236 0.0037 0.0117 -0.1505 0.9885
1788359081.7727 -32.5761 -221.5135 0.5045 0.0037 0.0114 -0.1503 0.9886
1788359081.8707 -33.1549 -223.3024 0.4852 0.0040 0.0126 -0.1500 0.9886
1788359081.9698 -33.7149 -225.1046 0.4569 0.0041 0.0133 -0.1502 0.9886
1788359082.0734 -34.2853 -226.8903 0.4419 0.0045 0.0148 -0.1505 0.9885
1788359082.1706 -34.8573 -228.6845 0.4266 0.0051 0.0139 -0.1506 0.9885
1788359082.2663 -35.4360 -230.4992 0.3962 0.0047 0.0118 -0.1505 0.9885
1788359082.3707 -36.0002 -232.2871 0.3698 0.0046 0.0113 -0.1504 0.9886
1788359082.4687 -36.5880 -234.1449 0.3464 0.0053 0.0127 -0.1502 0.9886
1788359082.5675 -37.1530 -235.9754 0.3256 0.0057 0.0133 -0.1503 0.9885
1788359082.6697 -37.7220 -237.7490 0.2892 0.0056 0.0135 -0.1502 0.9886
1788359082.7672 -38.3123 -239.5517 0.2602 0.0058 0.0130 -0.1501 0.9886
1788359082.8686 -38.8704 -241.3673 0.2487 0.0060 0.0134 -0.1503 0.9885
1788359082.9725 -39.4477 -243.2104 0.2175 0.0063 0.0139 -0.1506 0.9885
1788359083.0692 -40.0476 -245.0575 0.1864 0.0067 0.0145 -0.1507 0.9884
1788359083.1672 -40.6080 -246.8650 0.1510 0.0065 0.0135 -0.1509 0.9884
1788359083.2677 -41.1763 -248.6774 0.1102 0.0062 0.0122 -0.1508 0.9885
1788359083.3690 -41.7784 -250.4985 0.0689 0.0064 0.0104 -0.1502 0.9886
1788359083.4693 -42.3558 -252.3286 0.0515 0.0072 0.0130 -0.1501 0.9886
1788359083.5697 -42.9441 -254.1887 0.0275 0.0076 0.0139 -0.1501 0.9885
1788359083.6699 -43.5315 -256.0359 -0.0168 0.0077 0.0140 -0.1501 0.9885
1788359083.7683 -44.1208 -257.8857 -0.0578 0.0077 0.0135 -0.1503 0.9885
1788359083.8662 -44.6833 -259.7298 -0.1080 0.0076 0.0133 -0.1506 0.9885
1788359083.9676 -45.2611 -261.5567 -0.1414 0.0083 0.0130 -0.1505 0.9885
1788359084.0683 -45.8463 -263.3638 -0.1795 0.0090 0.0126 -0.1503 0.9885
1788359084.1742 -46.4176 -265.2124 -0.2086 0.0088 0.0134 -0.1503 0.9885
1788359084.2714 -47.0090 -267.0539 -0.2431 0.0087 0.0133 -0.1503 0.9885
