1.000000000000000000e+00 0.000000000000000000e+00 0.000000000000000000e+00 0.000000000000000000e+00 0.000000000000000000e+00 1.000000000000000000e+00 0.000000000000000000e+00 0.000000000000000000e+00 0.000000000000000000e+00 0.000000000000000000e+00 1.000000000000000000e+00 0.000000000000000000e+00
9.999657700537837313e-01 -4.856950286410489145e-04 -8.259710714208275822e-03 -9.105557018335118380e-03 4.815320467008393866e-04 9.999997560495401672e-01 -5.059918458832573336e-04 9.777333150011527363e-02 8.259954456972126713e-03 5.019972104042172813e-04 9.999657599893956306e-01 -3.551990946952991810e-03
9.999976841986448761e-01 5.604455044818231965e-04 -2.077859038494299804e-03 -2.251444958272164759e-03 -5.615961260870740851e-04 9.999996892834495110e-01 -5.532113481133471350e-04 -1.073633556495003361e-01 2.077548348056028251e-03 5.543769845723309784e-04 9.999976882268380995e-01 -8.083348952193276232e-03
9.999991382374016080e-01 1.047897572853818743e-03 7.908445682073695759e-04 -5.664894491539600001e-03 -1.047244162162342925e-03 9.999991103517567037e-01 -8.261811907900991564e-04 -3.628416013922730055e-01 -7.917096178984550908e-04 8.253522714608165075e-04 9.999993459945405450e-01 9.295939118183448729e-03
9.999959621710914348e-01 9.894522720482613453e-04 -2.663949270222196273e-03 1.132720341121731984e-02 -9.912344833304740765e-04 9.999992857659153467e-01 -6.677738076259976318e-04 -4.597451087614102816e-01 2.663286637227658179e-03 6.704117096481000378e-04 9.999962287191024313e-01 1.876401669847135162e-02
9.999998815159341081e-01 2.647829794127449978e-04 -4.084826697056892302e-04 1.530444120633728602e-02 -2.652115388536200420e-04 9.999994141560244465e-01 -1.049452451326306820e-03 -5.840740701457893813e-01 4.082045532517639109e-04 1.049560661300341039e-03 9.999993658955294018e-01 2.434532615300564681e-02
9.999983903057518830e-01 1.084070362012623187e-04 1.790986828444747318e-03 2.076975391732765672e-02 -1.056740734120210554e-04 9.999988301117492817e-01 -1.525977759671598389e-03 -6.074499932947170500e-01 -1.791150159916534475e-03 1.525786042440386821e-03 9.999972318751974010e-01 3.457141098013003649e-02
9.999992864096800549e-01 -5.570857815235625773e-04 1.056804410859856717e-03 -1.981563096364264906e-02 5.584682632646554169e-04 9.999989881949051806e-01 -1.308328079983227385e-03 -5.380580947495523514e-01 -1.056074490608842776e-03 1.308917338096917586e-03 9.999985857200360817e-01 2.190575278517081434e-02
9.999981194980900323e-01 -5.708598571528646678e-05 1.938489482519859843e-03 -2.184654668018139873e-02 5.994073646282334117e-05 9.999989138664913124e-01 -1.472641485863820541e-03 -5.717210394122753669e-01 -1.938403309870650841e-03 1.472754911045901427e-03 9.999970367883997957e-01 2.158736267252759494e-02
9.999986003828934544e-01 4.963392592179082527e-04 -1.597773323664865991e-03 -2.259463104820613744e-03 -4.982242168975653572e-04 9.999991802067427216e-01 -1.179558592063267158e-03 -6.127149790587094191e-01 1.597186552583279920e-03 1.180352990495846330e-03 9.999980278790223664e-01 2.918847101809132760e-02
9.999994659288616861e-01 1.485288793512745881e-04 1.022781092659275385e-03 -1.809303787514496276e-02 -1.485342657227765168e-04 9.999999889553156107e-01 5.190440193152721629e-06 -5.335559546665145092e-01 -1.022780310432715818e-03 -5.342355459681703319e-06 9.999994769458111499e-01 2.306612189042066968e-02
9.999999642103453157e-01 -2.312662393405933423e-05 2.665416802195703081e-04 -1.722480916203955950e-02 2.328610681071819548e-05 9.999998207153122376e-01 -5.983536585171558798e-04 -4.644421644044917641e-01 -2.665277945326883038e-04 5.983598438203202802e-04 9.999997854641929917e-01 3.317834260775567867e-02
9.999999418152860642e-01 -2.195294235947707422e-04 -2.611058344172356932e-04 -1.500612415924502778e-02 2.191204660518260945e-04 9.999987509874099789e-01 -1.565250727945309301e-03 -5.564942159510242181e-01 2.614491268828482732e-04 1.565193423239517097e-03 9.999987409061582566e-01 3.894618919678503877e-02
9.999999551764519046e-01 -2.959147415779270359e-04 4.562411552107983268e-05 -2.417568095540315043e-02 2.959696150336813577e-04 9.999992272322975051e-01 -1.207450535135713623e-03 -5.976796297496803634e-01 -4.526677785116408492e-05 1.207463984365403625e-03 9.999992699905562166e-01 2.700998338610213073e-02
9.999978074283880636e-01 -8.341058262356415608e-04 -1.920782623633105445e-03 -3.582623932994517812e-02 8.327889248810708142e-04 9.999994177242482740e-01 -6.863044303450573265e-04 -5.944733612675136003e-01 1.921353955731881433e-03 6.847033190773804505e-04 9.999979197880072279e-01 2.394741407210124184e-02
9.999986235166391513e-01 -1.450651694682264037e-03 8.053412244372382166e-04 -3.635636176434089289e-02 1.451510017444711297e-03 9.999983781367087765e-01 -1.066228221946556413e-03 -5.766272272411163691e-01 -8.037931925067846222e-04 1.067395715155881625e-03 9.999991072910470180e-01 3.852344157137790881e-02
9.999984282293346016e-01 -1.693195275451150807e-03 5.259549595131271819e-04 -3.462037661798972321e-02 1.693587210370926712e-03 9.999982878918168838e-01 -7.456378449765266314e-04 -5.578243443331578622e-01 -5.246915485450251394e-04 7.465274235974974412e-04 9.999995836977056962e-01 2.283546343103389983e-02
9.999934709619804352e-01 -1.200850984164217186e-03 3.408223925236983538e-03 -2.618849786492054299e-02 1.199794511309191071e-03 9.999992315726472514e-01 3.120052014156076813e-04 -5.424921520267826924e-01 -3.408595978017679370e-03 -3.079139959629733801e-04 9.999941433140644431e-01 1.858515508198835264e-03
9.999983174320988821e-01 -9.896827974755970352e-04 -1.544558490852490727e-03 -1.374013881723805744e-02 9.895365446319821529e-04 9.999995058531999659e-01 -9.545042051031992706e-05 -5.462557718159440912e-01 1.544652193253046035e-03 9.392186283648606786e-05 9.999988026134258856e-01 -8.669417394577579386e-03
9.999975047070593925e-01 -9.255496305821152899e-04 -2.033208679919619628e-03 -3.094756820115513243e-02 9.236471329207983794e-04 9.999991349666847995e-01 -9.364517371120745400e-04 -5.563327080373700051e-01 2.034073653685716625e-03 9.345714330228282411e-04 9.999974945571653562e-01 1.989273672409155869e-03
9.999995114362629778e-01 -9.835627566527050097e-04 9.864856314255910925e-05 -4.706081140244578603e-02 9.836768145309708351e-04 9.999988400236198283e-01 -1.162897819869051315e-03 -6.302714883216589126e-01 -9.750466572714008818e-05 1.162994290023696775e-03 9.999993189683288319e-01 2.615330716705494690e-02
9.999912274104227894e-01 -3.812459670041211997e-04 4.171301200919525463e-03 -3.488513393907034105e-02 3.839912824417903098e-04 9.999997102125246506e-01 -6.573625801581580450e-04 -6.067942016451579601e-01 -4.171049375296136640e-03 6.589585566836310112e-04 9.999910840206173157e-01 2.088404740100947843e-02
9.999942504656952336e-01 1.427838504938761769e-04 3.388015396134734687e-03 -2.731532783908295972e-02 -1.409763569650532332e-04 9.999998476294593708e-01 -5.337290743229701267e-04 -5.767319198356295473e-01 -3.388091087793349172e-03 5.332483755614592655e-04 9.999941182251776972e-01 -1.168032843260450454e-03
9.999954693044945664e-01 7.900236014402031368e-04 2.904691583075007157e-03 -1.408306202899560142e-02 -7.905947032021570266e-04 9.999996683755747462e-01 1.954706009121755391e-04 -5.521085902177995663e-01 -2.904536193420222210e-03 -1.977661490744175138e-04 9.999957622700464954e-01 -2.419753526238149072e-02
9.999974059546681282e-01 -2.456612366809536900e-04 2.264450152114412963e-03 -4.258711383420237667e-02 2.436655862025460101e-04 9.999995817662445940e-01 8.815295899972133394e-04 -5.733054562647835750e-01 -2.264665762694171181e-03 -8.809755346957541316e-04 9.999970475811869042e-01 -3.143105164299998117e-02
9.999994943760341926e-01 -1.005605113666532043e-03 2.455870864263741328e-06 -4.228393929584574329e-02 1.005606936114861877e-03 9.999990779740189906e-01 -9.125819426099045012e-04 -6.074360734491690561e-01 -1.538171531758740678e-06 9.125839508273789766e-04 9.999995835939966549e-01 1.079900379992221326e-02
9.999985910412790835e-01 -9.666145648737332636e-04 1.372432781497951240e-03 -3.312325776479669442e-02 9.678227687828038200e-04 9.999991445063870499e-01 -8.799463519142091935e-04 -6.361391866459835676e-01 -1.371581038430404881e-03 8.812733838006802734e-04 9.999986710604559237e-01 5.109393607941110915e-03
9.999990663167834803e-01 -7.342926072763265519e-04 1.152466888066012649e-03 -1.322235622028595375e-02 7.339039913597021712e-04 9.999996737088321375e-01 3.375902260620760394e-04 -6.361251962216895040e-01 -1.152714402033531895e-03 -3.367441108106863511e-04 9.999992789261956672e-01 -1.553849394746777655e-02
9.999933759336946393e-01 -1.442959936580351203e-03 3.341549843083289895e-03 -1.824515206420024988e-02 1.441559741666732179e-03 9.999988721647316003e-01 4.213962220968300106e-04 -6.609573797780518012e-01 -3.342154132231437563e-03 -4.165763870117523342e-04 9.999943282188505922e-01 -2.662583998092056189e-02
9.999926199453201825e-01 -2.396451809745050489e-03 -3.002844254702231267e-03 -4.127972947746567922e-02 2.396274785693975479e-03 9.999971269732866874e-01 -6.254857196151017526e-05 -6.165423108361106630e-01 3.002985522088945976e-03 5.535247037671998390e-05 9.999954894968567931e-01 -1.908948728154311394e-02
9.999829279350781475e-01 -2.796672263102821260e-03 -5.130542139098126335e-03 -3.505426723366712738e-02 2.797538897998200994e-03 9.999960737991261395e-01 1.617480968436723471e-04 -5.780171113327210453e-01 5.130069639143044168e-03 -1.760982266716079635e-04 9.999868256006736456e-01 -1.401251734199653563e-02
9.999957849446370339e-01 -2.222897777425324791e-03 -1.867837902580290034e-03 -1.462908573272325881e-02 2.224875005344070528e-03 9.999969661728502768e-01 1.057154816444636544e-03 -6.273182091141478178e-01 1.865482288791080580e-03 -1.061306066342043112e-03 9.999976967999795185e-01 -3.138695909643086923e-02
9.999939454072159783e-01 -1.997730015942385511e-03 2.849249671979603785e-03 -2.079120368097030908e-02 1.993837085952100945e-03 9.999970759246057384e-01 1.368486723742997312e-03 -6.911552836019980717e-01 -2.851975207563185906e-03 -1.362797498450024972e-03 9.999950044977192753e-01 -5.257559704095396413e-02
9.999815141312394795e-01 -3.021156289522675467e-03 5.276742410615625767e-03 -5.471915781433152326e-02 3.012768689040911871e-03 9.999941867620978364e-01 1.596767621469158491e-03 -7.424155463287669399e-01 -5.281535820199152048e-03 -1.580840499517629973e-03 9.999848030458737824e-01 -5.485253270006199000e-02
9.999976441738648303e-01 -1.870966264427239819e-03 1.100514405998669282e-03 -2.114716755665708992e-02 1.869341746540227047e-03 9.999971644845531138e-01 1.475325146641631334e-03 -9.518329947866320806e-01 -1.103271569051499134e-03 -1.473264433510290553e-03 9.999983061404423834e-01 -4.025982853503901060e-02
9.999990342742162142e-01 -7.723466067511674648e-04 1.155392294388938668e-03 -1.092451830166014416e-02 7.713592545713274500e-04 9.999993371933723063e-01 8.547617893134441380e-04 -1.085246482038122018e+00 -1.156051700954825170e-03 -8.538697413090078243e-04 9.999989672249315342e-01 -4.429910488665164681e-02
9.999836053329879126e-01 6.733976192281371405e-05 5.725777728440480281e-03 1.131651248721655696e-03 -7.723684336285541272e-05 9.999985034892816538e-01 1.728309482436812643e-03 -1.021910212381048400e+00 -5.725652775803662976e-03 -1.728723388375896265e-03 9.999821140479150383e-01 -6.817243253050953022e-02
9.999989346233743026e-01 -6.318155034412207671e-04 -1.315888021809611926e-03 -1.590714807033493869e-02 6.347934760882595600e-04 9.999972358865379940e-01 2.263902941033662380e-03 -9.849784556181754303e-01 1.314454015569385030e-03 -2.264735846255893845e-03 9.999965715852168202e-01 -6.631686596446331738e-02
9.999942846900595761e-01 -5.964259159072356166e-04 3.327891726435166283e-03 -1.729305055822921017e-02 5.881410246115096946e-04 9.999967271017464743e-01 2.489955005690028603e-03 -9.274927700156780919e-01 -3.329365908278983637e-03 -2.487983505175651346e-03 9.999913625930609840e-01 -7.234002734234776244e-02
9.999986038466638361e-01 -5.022608188891161630e-04 1.593749915410751315e-03 -1.190905190667374339e-02 4.989067940038709225e-04 9.999976617429053860e-01 2.104186477614817998e-03 -9.040751174477752450e-01 -1.594803039237046877e-03 -2.103388407187105954e-03 9.999965161741687369e-01 -6.257320141065063346e-02
9.999865706324898573e-01 -1.076231681110051798e-03 5.069544362271130242e-03 -2.148623638386398804e-02 1.065413458787217498e-03 9.999971508086354932e-01 2.136180884875287303e-03 -9.965038192114934468e-01 -5.071828943713996285e-03 -2.130751036523633249e-03 9.999848681111059845e-01 -5.589178522075440025e-02
9.999836106665163094e-01 -1.239377553686956150e-03 5.589484916925353819e-03 -3.101705639457278882e-02 1.224034649298289109e-03 9.999954763587411977e-01 2.747544582290506378e-03 -9.285306859813511338e-01 -5.592864877183812908e-03 -2.740657828656038828e-03 9.999806041404661894e-01 -8.002639936564556744e-02
9.999902935834709128e-01 -8.890708497294205585e-04 4.315355358241809366e-03 -2.324961625858787406e-02 8.786681058715367816e-04 9.999967052579684657e-01 2.411931915997139655e-03 -1.008621775822787558e+00 -4.317485518617174625e-03 -2.408116739662533989e-03 9.999877800716190368e-01 -8.896445247617001950e-02
9.999592033666181434e-01 -1.806302987047929583e-03 8.850359988009053394e-03 -2.973322717555692066e-02 1.780481048345296507e-03 9.999941382093926467e-01 2.924625461607344504e-03 -1.022875677600511457e+00 -8.855590868759302334e-03 -2.908748248504924167e-03 9.999565579033881102e-01 -7.803834842357208756e-02
9.999982581464761378e-01 -1.820410628081876609e-03 4.120790687162921876e-04 -1.210393039703713813e-02 1.818950010859435480e-03 9.999921590739386801e-01 3.517557604434156087e-03 -1.048718712977590339e+00 -4.184792368827851185e-04 -3.516801926137530770e-03 9.999937284700042284e-01 -8.668988207334221707e-02
9.999961149469916988e-01 -1.397491519097949142e-03 2.411868233762548986e-03 -4.340398610246383460e-03 1.387720184867779127e-03 9.999908427712903558e-01 4.048284359198627523e-03 -1.054316116160887828e+00 -2.417503590792391670e-03 -4.044921633168065654e-03 9.999888970810476563e-01 -1.056149484322524562e-01
9.999980262484731153e-01 -1.690424291338420886e-03 1.044013828149100613e-03 -1.307950778791625024e-02 1.686372678828399743e-03 9.999910912595921797e-01 3.869566983267299243e-03 -1.059948977623660360e+00 -1.050545737326399756e-03 -3.867798749307447669e-03 9.999919682109894570e-01 -1.066130432831429165e-01
9.999915791515878727e-01 -2.242222063788761044e-03 3.437159602076841469e-03 -2.188936251500892341e-02 2.228605769320003357e-03 9.999896749314177713e-01 3.960220559819707491e-03 -9.892641278257106041e-01 -3.446003807084919730e-03 -3.952527137683432314e-03 9.999862511989789926e-01 -9.495489336049359186e-02
9.999581193358642039e-01 -3.024519269061157287e-03 8.637815549817075625e-03 -6.063475420124508214e-02 2.988280077499688801e-03 9.999866929769732904e-01 4.205240915215962758e-03 -9.757641505208182187e-01 -8.650419438385769863e-03 -4.179252584812947688e-03 9.999538509808202358e-01 -9.397238492311923985e-02
9.999556559920591559e-01 -2.880950712115158685e-03 8.965833619081780073e-03 -6.262837742840293709e-02 2.840232895018461080e-03 9.999856112424662102e-01 4.550866415661111199e-03 -9.611161180253819936e-01 -8.978815433716686931e-03 -4.525199556428458579e-03 9.999494504435620934e-01 -1.202011054270979706e-01
9.999975586616405288e-01 -1.258135068178629044e-03 1.816526055160561396e-03 -1.820820558146186985e-02 1.247837904210671953e-03 9.999832111414984626e-01 5.658651403133803902e-03 -1.125882704710689186e+00 -1.823614905530537801e-03 -5.656370858385454704e-03 9.999823397927528612e-01 -1.362072699014085786e-01
9.999964418275146816e-01 -9.016437087947544839e-04 -2.510651495629936860e-03 -4.108480888864750324e-03 9.159682169143000758e-04 9.999832771583005986e-01 5.710201920339858829e-03 -1.193188668192959545e+00 2.505460942764990793e-03 -5.712481279430245591e-03 9.999805449222981535e-01 -1.265347195738811270e-01
9.999978867625520795e-01 -1.601879101836426508e-03 1.288585958745245164e-03 -3.939702316884778621e-02 1.594265213962276807e-03 9.999813935374562979e-01 5.888199836495341954e-03 -1.236826953443523447e+00 -1.297994166984387920e-03 -5.886133045561719318e-03 9.999818341594572946e-01 -1.402479217203979611e-01
9.999930877687763786e-01 -2.591513617683806597e-03 2.666171756972279729e-03 -7.396828526198642728e-02 2.576354349619157293e-03 9.999805861992091538e-01 5.673589952691441944e-03 -1.254004625426985209e+00 -2.680823182068469823e-03 -5.666681732322913050e-03 9.999803507595591556e-01 -1.553889504788711629e-01
9.999700445147573502e-01 -3.166785758466332361e-03 7.062686536593431458e-03 -6.257274832914680451e-02 3.130030720054838463e-03 9.999815338620080540e-01 5.209111505531490577e-03 -1.299517709097033347e+00 -7.079052256179232949e-03 -5.186849038243004570e-03 9.999614910666354550e-01 -1.250330583070602131e-01
9.999508311045846032e-01 -3.742355331978395455e-03 9.183144876328817527e-03 -6.298793685446504864e-02 3.690604503026957001e-03 9.999772513420351894e-01 5.645904429808382662e-03 -1.259110428294553330e+00 -9.204064952653719447e-03 -5.611735471091419854e-03 9.999418951185863325e-01 -1.235038087805529206e-01
9.999709662814721955e-01 -4.395288407170513251e-03 6.224791877369044955e-03 -7.785785370896912416e-02 4.351800739331329951e-03 9.999661519761232631e-01 6.982602121688495297e-03 -1.226056613292414221e+00 -6.255271730622294184e-03 -6.955310336889784437e-03 9.999562466596694232e-01 -1.595644783926434274e-01
9.999829679508545066e-01 -4.319622943329440995e-03 3.924877810544203163e-03 -7.550121020671787808e-02 4.288630519705649916e-03 9.999598282454880138e-01 7.870803232170655098e-03 -1.212662041477042374e+00 -3.958719043540424171e-03 -7.853836825498774696e-03 9.999613221473382385e-01 -1.891462344797727180e-01
9.999691071436155321e-01 -3.969806781220393266e-03 6.784201686287865199e-03 -5.714143376896910209e-02 3.917174950292286531e-03 9.999622667859076053e-01 7.753756818347217784e-03 -1.356850901227501183e+00 -6.814726612950600115e-03 -7.726942377748131051e-03 9.999469255228907727e-01 -1.653092221353157365e-01
9.998948396196626343e-01 -4.303768767053430672e-03 1.384872833038698625e-02 -8.610311280346816254e-02 4.194789647272016350e-03 9.999600852802948969e-01 7.888699895457568223e-03 -1.515344541230266406e+00 -1.388212670250013256e-02 -7.829777814548005005e-03 9.998729825020729045e-01 -1.645333061411309306e-01
9.997690935929314238e-01 -4.729833519581607901e-03 2.096158799436248846e-02 -1.210111909846394301e-01 4.562331459239978709e-03 9.999573388693305809e-01 8.031536155857660689e-03 -1.569851514191751951e+00 -2.099868157824172701e-02 -7.934047910358362973e-03 9.997480213812537375e-01 -1.494117250384471574e-01
9.997207136157931773e-01 -5.099733135916629037e-03 2.307569044409535017e-02 -1.428285153003154839e-01 4.897867268895097353e-03 9.999493187685050133e-01 8.796066769811443711e-03 -1.579065403340403906e+00 -2.311937853285779207e-02 -8.680588479194771903e-03 9.996950243548825554e-01 -1.501358031409927851e-01
9.999417002498801610e-01 -4.816180907444084051e-03 9.664393558089359737e-03 -1.349726858395919049e-01 4.715800343112177585e-03 9.999349784421944776e-01 1.038268341672208064e-02 -1.627673353343370710e+00 -9.713770045804620556e-03 -1.033650275841610164e-02 9.998993946303910141e-01 -1.816376888847927307e-01
9.999219455425558678e-01 -4.357542196101580993e-03 1.170959642340856262e-02 -1.160321975678956646e-01 4.236904395090849464e-03 9.999378990248275478e-01 1.030760568515533618e-02 -1.700131167995941883e+00 -1.175378507276563476e-02 -1.025718869003495320e-02 9.998783119043238576e-01 -1.724638382729840047e-01
9.999048865974337064e-01 -4.567434797295669147e-03 1.301369655192616964e-02 -1.051297223448540014e-01 4.434477030948338547e-03 9.999378663352452845e-01 1.022735950179830960e-02 -1.787019561894787945e+00 -1.305960076094036040e-02 -1.016867780438957675e-02 9.998630130271223271e-01 -1.878452372669411896e-01
9.996843794735511546e-01 -6.270166817195785627e-03 2.432748331960110297e-02 -1.679251520817742205e-01 6.013920586900740536e-03 9.999258173050035170e-01 1.059210300625346851e-02 -1.883717336274336240e+00 -2.439209289412010498e-02 -1.044245636836320032e-02 9.996479284774412166e-01 -2.045396128762592414e-01
9.996091690087626214e-01 -7.489385175158193818e-03 2.693359135557612735e-02 -1.828679280266919671e-01 7.213147512996524215e-03 9.999205364572523180e-01 1.033882362730082459e-02 -1.993016250027098479e+00 -2.700888254939097857e-02 -1.014050692711179931e-02 9.995837585628801758e-01 -1.850442230892049011e-01
9.996188593358169561e-01 -8.271161919643258212e-03 2.633863968885268372e-02 -2.002635781532246528e-01 8.013340849105691013e-03 9.999190900998908837e-01 9.879252109460426659e-03 -1.976747168060694948e+00 -2.641822152598877552e-02 -9.664426227421236623e-03 9.996042599134411510e-01 -1.715515437021833400e-01
9.999617944106576894e-01 -8.014271409605885563e-03 3.490153691564600470e-03 -1.956770177624213014e-01 7.976942607261007859e-03 9.999121997547244511e-01 1.058117046023696745e-02 -1.933280250111032439e+00 -3.574647627114074886e-03 -1.055292544469547261e-02 9.999379269029156081e-01 -1.683691617625838188e-01
9.999523794091919049e-01 -7.535350428763043854e-03 -6.201403696848595617e-03 -1.911291806218400613e-01 7.600911915541505581e-03 9.999147462818830379e-01 1.061726452951106472e-02 -1.898032526573682155e+00 6.120870195301152464e-03 -1.066389525235386312e-02 9.999244052857690912e-01 -1.688546208837091167e-01
9.999483253427310370e-01 -8.317138636650761585e-03 5.845669265915158334e-03 -2.287481419094862800e-01 8.260606018133977158e-03 9.999195156205341606e-01 9.629364953593760879e-03 -1.969536622046243357e+00 -5.925287544153673945e-03 -9.580578588742026669e-03 9.999365497277434844e-01 -1.655850145411689178e-01
9.999078588536518541e-01 -8.705273063772150238e-03 1.041595044105432868e-02 -2.503465525785960044e-01 8.596466689370210745e-03 9.999084899201409193e-01 1.044569509808144538e-02 -1.947055818044160835e+00 -1.050592990476736585e-02 -1.035519224875605139e-02 9.998911917955510820e-01 -1.909707581396778431e-01
9.997663146921016430e-01 -9.521975881495047325e-03 1.940742080457535240e-02 -2.713707509450847821e-01 9.308848190137783765e-03 9.998956968860768235e-01 1.104267603797659883e-02 -1.921455610920525414e+00 -1.951054464505299485e-02 -1.085943479279472684e-02 9.997506745802346995e-01 -1.804699616821451857e-01
9.998645275434249191e-01 -9.916717808174838056e-03 1.313717124333466449e-02 -2.495245381922061578e-01 9.777887621234913201e-03 9.998961154116722261e-01 1.059015100527134490e-02 -1.856830683126756920e+00 -1.324082603277349293e-02 -1.046026254742091557e-02 9.998576215808973044e-01 -1.773748311713543302e-01
9.997222044015844356e-01 -1.201085426205202727e-02 2.027938377595133942e-02 -3.077225739316744035e-01 1.178806540271895228e-02 9.998692396432462548e-01 1.107001035671408354e-02 -1.818937161101795930e+00 -2.040969231756794774e-02 -1.082788045428482310e-02 9.997330651050658767e-01 -1.823308876720730332e-01
9.993433959612819661e-01 -1.251629154461021166e-02 3.400175575676588069e-02 -3.004356397192513572e-01 1.212135472569715773e-02 9.998569462151558618e-01 1.179660395693533058e-02 -1.795375343893823139e+00 -3.414454141127483411e-02 -1.137671091630977453e-02 9.993521505157931806e-01 -1.863262726121841240e-01
9.994475980588748421e-01 -1.433920142915531305e-02 2.998142819679880042e-02 -3.774092732674744211e-01 1.399935059071214134e-02 9.998357010370896303e-01 1.151473467821861017e-02 -1.726823589584932428e+00 -3.014161437919375339e-02 -1.108865339189357181e-02 9.994841293630282175e-01 -2.100961404204253480e-01
9.994802625165878363e-01 -1.509686399408535773e-02 2.848314479331043314e-02 -3.844439641685762910e-01 1.478541985616014728e-02 9.998289266619634352e-01 1.111344994424329387e-02 -1.723627623933344566e+00 -2.864605032896617998e-02 -1.068653861314434843e-02 9.995324915644413499e-01 -2.192381242558913423e-01
9.995951996582046473e-01 -1.471742568134585399e-02 2.434818682341757454e-02 -3.393884928532958645e-01 1.446118864439283752e-02 9.998385348301064290e-01 1.066669076036542464e-02 -1.756350858748249477e+00 -2.450124166782710958e-02 -1.031026915749744081e-02 9.996466313186048724e-01 -1.513636150058879082e-01
9.992601151463005316e-01 -1.391434628691649855e-02 3.585544930983287915e-02 -2.948486499269897254e-01 1.353672342669571746e-02 9.998505522792306976e-01 1.075314957519170680e-02 -1.796583798434050694e+00 -3.599971384152059195e-02 -1.025982818204434349e-02 9.992991326569855559e-01 -1.397032325961082844e-01
9.987628699837545199e-01 -1.526839629845410176e-02 4.732447164298093922e-02 -3.608509372727929376e-01 1.473110620396821807e-02 9.998232541615673652e-01 1.168139322945854069e-02 -1.866098891601929433e+00 -4.749446338070746620e-02 -1.096980000944337494e-02 9.988112631703406352e-01 -1.869498553255937168e-01
9.984103243958946106e-01 -1.826180297122059412e-02 5.332289088116582559e-02 -4.803503105548371788e-01 1.766628504686836368e-02 9.997764342861161779e-01 1.161825368900176389e-02 -1.887526776309213616e+00 -5.352313997073784163e-02 -1.065776704472031627e-02 9.985097322957314780e-01 -1.852845077485352210e-01
9.986997440607652265e-01 -2.081153159950775364e-02 4.653709665895222614e-02 -5.598210865459635199e-01 2.033003544977468255e-02 9.997350325635688817e-01 1.079603277740620419e-02 -2.038886815571949285e+00 -4.674944782104786811e-02 -9.835894346861119228e-03 9.988582203249991576e-01 -1.595971736778877825e-01
9.994449642591457517e-01 -2.175100495259650601e-02 2.523206691071753008e-02 -5.841970337448927353e-01 2.149406226950075632e-02 9.997147767019889386e-01 1.041011675473405181e-02 -2.195178064008402430e+00 -2.545130063846694560e-02 -9.861999150501536346e-03 9.996274167251345544e-01 -1.576866033074044438e-01
9.997496438826671827e-01 -2.227529561769136385e-02 2.112051520344612656e-03 -5.565422294385855562e-01 2.225177191172523355e-02 9.996964753248613889e-01 1.057430233335775703e-02 -2.354017330768174432e+00 -2.346956171019411608e-03 -1.052465810338555456e-02 9.999418599941389818e-01 -1.921746399366884295e-01
9.997047429452317058e-01 -2.327081297200384383e-02 6.992581528328307636e-03 -5.623412730042582908e-01 2.319392791846517851e-02 9.996717557752711203e-01 1.088220625148180083e-02 -2.342867119688252231e+00 -7.243524040226691219e-03 -1.071680777138256900e-02 9.999163371956025781e-01 -2.005743430802405802e-01
9.992675810849218632e-01 -2.622035917326379084e-02 2.787102720593653826e-02 -6.661532811748205329e-01 2.592974755595299496e-02 9.996060958668847585e-01 1.073784417138804771e-02 -2.238451643113277267e+00 -2.814159882404628638e-02 -1.000729087163472995e-02 9.995538527488335712e-01 -1.544648865700869456e-01
9.980406995638779755e-01 -2.893013554244064020e-02 5.547800709777756661e-02 -7.784603232939416584e-01 2.838961946368615333e-02 9.995417160960330394e-01 1.050653560905740261e-02 -2.144347167568655621e+00 -5.575653791935199916e-02 -8.910950639146861252e-03 9.984046291148467311e-01 -1.006276570946217086e-01
9.959840038608308577e-01 -3.192770492616588129e-02 8.364499812598570616e-02 -9.030499321522318379e-01 3.114338174429547371e-02 9.994580247442651499e-01 1.066520266197053604e-02 -2.040164657869763420e+00 -8.394018005030458307e-02 -8.017383141618154158e-03 9.964385418783654469e-01 -7.578780279860455882e-02
9.974182926204182564e-01 -3.260995399129639621e-02 6.397921886718516138e-02 -8.789272671080019528e-01 3.195281840363144860e-02 9.994258620883286204e-01 1.126781190230399105e-02 -2.023926127423571586e+00 -6.430992879979111065e-02 -9.194405347094716796e-03 9.978876169028649823e-01 -1.273656668546589987e-01
9.990764653073272994e-01 -3.256247368871615505e-02 2.803393972113957938e-02 -8.482230438581552789e-01 3.225416702883571879e-02 9.994149044466246190e-01 1.138057464367273411e-02 -1.992518378274390489e+00 -2.838811685006221303e-02 -1.046585291392480160e-02 9.995421855752218976e-01 -1.872092973143814343e-01
9.987211237638929928e-01 -3.329883796828703862e-02 3.804345328369215795e-02 -8.303752434866789045e-01 3.292931732232404901e-02 9.994046185957401462e-01 1.029895092662122362e-02 -2.036442018024179568e+00 -3.836374601720211885e-02 -9.033034897808626604e-03 9.992230117806848444e-01 -1.515856696503488921e-01
9.985398791933316476e-01 -3.625241474546383319e-02 4.004837182320188788e-02 -9.100481690075661323e-01 3.585171744406710076e-02 9.993000632538187045e-01 1.067885467757469578e-02 -2.076800533151859973e+00 -4.040747476491606677e-02 -9.227459348968208852e-03 9.991406757694762941e-01 -1.257054740433714290e-01
9.976068791625420928e-01 -3.951483630484917825e-02 5.673704574062870404e-02 -1.013071899031858569e+00 3.896721351017463225e-02 9.991829155785083572e-01 1.072648531830653999e-02 -2.096823888793362567e+00 -5.711454209591183134e-02 -8.489930967466989900e-03 9.983315331859161645e-01 -9.518877754973195660e-02
9.971002519750351567e-01 -4.271157179185457176e-02 6.298260987281087409e-02 -1.100012649795185427e+00 4.212044412171679630e-02 9.990554114498211291e-01 1.068424259449641221e-02 -2.126072026814021410e+00 -6.337945801528105383e-02 -8.000405483347157801e-03 9.979574328666485084e-01 -8.114670211420074719e-02
9.969226033159769296e-01 -4.501213878816516523e-02 6.418123058504138223e-02 -1.122457631814923307e+00 4.443164998004457689e-02 9.989578320228836850e-01 1.044405669224642529e-02 -2.078964432152532460e+00 -6.458445229113660147e-02 -7.560238214170867180e-03 9.978836060986265855e-01 -6.038303057780692457e-02
9.978608406792384145e-01 -4.651010344953001446e-02 4.594075441302145763e-02 -1.133253036484070719e+00 4.609936162300967005e-02 9.988871981209163087e-01 9.960636932262604062e-03 -2.022933819232884289e+00 -4.635290170932686998e-02 -7.821490092008479347e-03 9.988945053387099371e-01 -8.140528360954291109e-02
9.983261467156174795e-01 -4.771239730802111223e-02 3.268687698555633458e-02 -1.145945486119122725e+00 4.740164418587805573e-02 9.988236539960532179e-01 1.021725728598295475e-02 -1.971581623370597391e+00 -3.313591574745997081e-02 -8.650743383900523151e-03 9.994134158227430120e-01 -1.174336140381283811e-01
9.986361055418614407e-01 -4.852424970815834293e-02 1.926981832930793267e-02 -1.086955275105656149e+00 4.833384371187710027e-02 9.987788775006043451e-01 1.022709199472576595e-02 -1.984586132672635950e+00 -1.974254948632712600e-02 -9.281758933146250570e-03 9.997620120263056576e-01 -1.390645205698146647e-01
9.978365757666763924e-01 -5.242538662213092060e-02 3.967047894535644104e-02 -1.212743506548900729e+00 5.206594325472098383e-02 9.985931685688662629e-01 1.004097806929377459e-02 -2.055318746652003981e+00 -4.014107142603504097e-02 -7.953774268355862098e-03 9.991623651137276907e-01 -1.067685412290349106e-01
9.968905297608132710e-01 -5.576913950137956516e-02 5.566933404021200127e-02 -1.288598114535865813e+00 5.527936885528312444e-02 9.984177938608040925e-01 1.030049906977540709e-02 -2.123467863967993363e+00 -5.615570364768476819e-02 -7.191104324132323658e-03 9.983961262777579782e-01 -6.877493517443730719e-02
9.973204920576869137e-01 -5.596094182873640605e-02 4.711909497702598121e-02 -1.228996534117797745e+00 5.551311444958308833e-02 9.983999703176225093e-01 1.076073389123777951e-02 -2.323310454853098062e+00 -4.764588382977804487e-02 -8.116172707090672095e-03 9.988313158359963806e-01 -6.870759134633092069e-02
9.976876127607413602e-01 -5.817090166605452806e-02 3.515072606833683638e-02 -1.257055658640525930e+00 5.785068158194511811e-02 9.982745571150558606e-01 1.006018176990025430e-02 -2.507708432766436513e+00 -3.567528534262110612e-02 -8.003425272797381682e-03 9.993313860775240309e-01 -6.709586601318193178e-02
9.967144137724693875e-01 -6.066806337136550903e-02 5.366342762972361319e-02 -1.301142788470403877e+00 6.024204761313777662e-02 9.981383768883582697e-01 9.522409466628684385e-03 -2.664297013539473902e+00 -5.414123269356772156e-02 -6.258328006878239799e-03 9.985136755462987734e-01 -3.785585341090842715e-02
9.969485571209646402e-01 -6.388631016454340839e-02 4.485659180083212405e-02 -1.381085997200890203e+00 6.352697507934401688e-02 9.979359215355061430e-01 9.392547383358635857e-03 -2.748123182816172516e+00 -4.536405947107385872e-02 -6.514282972053914503e-03 9.989492811077371748e-01 -5.689394702771341517e-02
9.974880142540080152e-01 -6.561132472178524133e-02 2.669860460489238349e-02 -1.427187612967467878e+00 6.537885304062851510e-02 9.978153874152938529e-01 9.489900545259454673e-03 -2.760831586888484068e+00 -2.726292344353090438e-02 -7.720537903505774076e-03 9.995984825417617570e-01 -7.996244250462665459e-02
9.975902889215807479e-01 -6.604538150317335043e-02 2.125142422185897703e-02 -1.373656530672225706e+00 6.583927246783535803e-02 9.977775212388422243e-01 1.025711028398834657e-02 -2.717536522816053068e+00 -2.188162814470767312e-02 -8.833215302031922206e-03 9.997215455601448086e-01 -1.158366161113835169e-01
9.975336454015274468e-01 -6.818192189914029644e-02 1.666888772771963137e-02 -1.374777248875652891e+00 6.802914854354535912e-02 9.976374608394379395e-01 9.567218941740323473e-03 -2.625777976652278412e+00 -1.728181820237759472e-02 -8.409652548024049851e-03 9.998152911931490472e-01 -9.748444730074160014e-02
9.972538957948189342e-01 -6.990624020191382737e-02 2.444964013822776422e-02 -1.390082751892294244e+00 6.971833893808898619e-02 9.975308757515688463e-01 8.456071074784875241e-03 -2.523210238657049409e+00 -2.498040307461541626e-02 -6.728261524375830221e-03 9.996652989671539480e-01 -6.425339144502026367e-02
9.944035746194100911e-01 -7.276030004478425961e-02 7.659940940720259828e-02 -1.467575825886667795e+00 7.230250464725870851e-02 9.973444843438871166e-01 8.736553700352308466e-03 -2.440395873711368679e+00 -7.703167274486776017e-02 -3.149331074843232745e-03 9.970236722906375970e-01 2.691166232068326752e-02
9.925493152536263297e-01 -7.548184275203734250e-02 9.564699788448265128e-02 -1.550768947741555381e+00 7.499267095091735613e-02 9.971460984375450920e-01 8.703888466026338949e-03 -2.290630200812958872e+00 -9.603101630829986857e-02 -1.466214697204285163e-03 9.953772622082829313e-01 4.252540352511709199e-02
9.943518504801966973e-01 -7.758723791410095105e-02 7.241973459955046433e-02 -1.522418075382512948e+00 7.717764827097488289e-02 9.969816226642683743e-01 8.441248550076540028e-03 -2.149863969688241561e+00 -7.285607767352232644e-02 -2.804386311330427876e-03 9.973385219490152886e-01 -4.722372173244899184e-03
9.956073835123595561e-01 -7.955363917408575514e-02 4.936756414725000652e-02 -1.480952270283666827e+00 7.922157719220193628e-02 9.968195014112685159e-01 8.650047015482085350e-03 -2.028730353090604677e+00 -4.989869339825910022e-02 -4.701074382460665967e-03 9.987432204009182302e-01 -2.015226082467009433e-02
9.959594515891342370e-01 -8.180242889947814122e-02 3.705581487994467210e-02 -1.475360385744023839e+00 8.152592608696951348e-02 9.966313501525619900e-01 8.914890282177864375e-03 -1.905507125232202670e+00 -3.766024649325715873e-02 -5.857859611420374382e-03 9.992734317066775951e-01 -7.152288348738226886e-02
9.958789889456024502e-01 -8.406000128526851245e-02 3.404343638067960226e-02 -1.517217879364391342e+00 8.379394758266663079e-02 9.964409054613224681e-01 9.170401950468216185e-03 -1.700537498570764194e+00 -3.469313657192209938e-02 -6.279976699040554222e-03 9.993782808163590436e-01 -9.390837492768713823e-02
9.957394332111798585e-01 -8.621440754133467832e-02 3.271172695800387414e-02 -1.593559090255470601e+00 8.594871433956451090e-02 9.962547833838427680e-01 9.445903248943622946e-03 -1.510894061227408214e+00 -3.340358740695800049e-02 -6.594127471403457910e-03 9.994201908262793088e-01 -8.945268595441871473e-02
9.951148253363217844e-01 -8.792292916504762523e-02 4.490036662322326871e-02 -1.653891907092315483e+00 8.760152938312046333e-02 9.961142124643904694e-01 9.080075780814978598e-03 -1.384080083783607806e+00 -4.552424019794431426e-02 -5.102377238609089906e-03 9.989502036142315911e-01 -6.884339699743115271e-02
9.943799649170385058e-01 -8.887747182499844412e-02 5.752634503934587334e-02 -1.623745892990162254e+00 8.857221427470113317e-02 9.960389064992024588e-01 7.839617232329508176e-03 -1.324932712009729840e+00 -5.799524316757102144e-02 -2.700322549181494777e-03 9.983132073793598016e-01 -2.910104901612770023e-02
9.946661432575301109e-01 -8.974905747270142675e-02 5.083670071859918566e-02 -1.624312455673982747e+00 8.947191397366366372e-02 9.959595346646769043e-01 7.705966546097885519e-03 -1.321145269527800981e+00 -5.132290002601194029e-02 -3.116407111079341763e-03 9.986772491348934189e-01 -3.177830054668513704e-02
9.952671275503999215e-01 -9.044694058676119863e-02 3.553443057192320897e-02 -1.611451824921903420e+00 9.022069669409593651e-02 9.958902819303638854e-01 7.922893706989725740e-03 -1.275647898833417448e+00 -3.610499557689887673e-02 -4.679454578815911425e-03 9.993370462457783487e-01 -5.001869333016325386e-02
9.946505935738212401e-01 -9.233607874074900579e-02 4.630599600513288228e-02 -1.657322953785290043e+00 9.206301360873928030e-02 9.957210464130015204e-01 7.999953467009702363e-03 -1.239681387104275112e+00 -4.684653913067932107e-02 -3.694088924137373282e-03 9.988952675223254918e-01 -5.557110899530888493e-02
9.944861358511923877e-01 -9.294805635471255212e-02 4.855908174219257523e-02 -1.616025850804390318e+00 9.268686698236362764e-02 9.956662407508622969e-01 7.608003551489642483e-03 -1.232216075801146005e+00 -4.905578751541342375e-02 -3.065264903238757496e-03 9.987913364974265740e-01 -4.540608385648946255e-02
9.947073244846467155e-01 -9.339001517215095305e-02 4.284441250316312760e-02 -1.570998482735192159e+00 9.316606499385401974e-02 9.956245590555515834e-01 7.198731763262349037e-03 -1.288298336417497802e+00 -4.332923897504726424e-02 -3.168985892024147721e-03 9.990558215526594843e-01 -4.925065287150888482e-02
9.951089851109060636e-01 -9.338607263976034245e-02 3.220480070523661781e-02 -1.491016007359290185e+00 9.321498789877408209e-02 9.956229414313549908e-01 6.776763726733111073e-03 -1.328925510892027040e+00 -3.269669375600544464e-02 -3.741648366424725827e-03 9.994583164319200685e-01 -6.219353184296732423e-02
9.951849715659777385e-01 -9.459894694146717131e-02 2.564978765583572629e-02 -1.501410166667499491e+00 9.444340171775944537e-02 9.955041089291547518e-01 7.212002298074869817e-03 -1.367965979540250565e+00 -2.621671682728210495e-02 -4.754823102388085025e-03 9.996449746865450070e-01 -8.914534580400584884e-02
9.948178845606721055e-01 -9.716604192094292769e-02 2.993554502004146245e-02 -1.620020512265635260e+00 9.699949239403983514e-02 9.952600258509634035e-01 6.969893717854894893e-03 -1.468473818160621169e+00 -3.047088829568275065e-02 -4.030042252526176358e-03 9.995275302491246627e-01 -6.136919781735867413e-02
9.948899038697296415e-01 -9.811449051918018360e-02 2.382490143194150242e-02 -1.646289949224335025e+00 9.798302017086656102e-02 9.951660210821883235e-01 6.627083947038923603e-03 -1.559643316959368420e+00 -2.435994532579211988e-02 -4.258783113431351477e-03 9.996941811524748811e-01 -5.893479950066057849e-02
9.950675848147884084e-01 -9.717471216658639388e-02 1.993933214039630628e-02 -1.527490778033667729e+00 9.707479482393265025e-02 9.952594735831266082e-01 5.921524544327495462e-03 -1.745535788038236724e+00 -2.042023165283234423e-02 -3.956710550290233955e-03 9.997836558880455193e-01 -6.302646963472548214e-02
9.945910460914768603e-01 -9.673325366771481915e-02 3.783290458739881068e-02 -1.424158947580546730e+00 9.660778193038013772e-02 9.953092829148161291e-01 5.134959988794939728e-03 -1.918217545231719168e+00 -3.815216252263824159e-02 -1.452232230721134170e-03 9.992708859545514910e-01 -1.198755381237359002e-02
9.949012657291553818e-01 -9.586043814192404811e-02 3.134083358436513117e-02 -1.338466635443628094e+00 9.577024551638263494e-02 9.953938740905551308e-01 4.369839439595319709e-03 -2.018362679740261179e+00 -3.161536848205805800e-02 -1.346039462423828008e-03 9.994992029279009538e-01 -6.388918419434300167e-03
9.952014335624523866e-01 -9.753076277528872906e-02 7.864918798693732935e-03 -1.423852123805023462e+00 9.749982668226071791e-02 9.952265685008732099e-01 4.226245012513736576e-03 -2.108444310476109251e+00 -8.239565047307698467e-03 -3.439136875297141814e-03 9.999601401582886018e-01 -2.165665120362264551e-02
9.950544708086207502e-01 -9.921835839194299844e-02 4.724138205389041834e-03 -1.499567822303018438e+00 9.919565041297000174e-02 9.950562710174597481e-01 4.820834779957806210e-03 -2.148818773347145772e+00 -5.179098659371730862e-03 -4.328379238902382506e-03 9.999772207756738585e-01 -2.589867821626427868e-02
9.951874892120309291e-01 -9.794554410858370697e-02 -2.920908270963532265e-03 -1.436218541220725564e+00 9.796100457991961663e-02 9.951737722712428180e-01 5.727526963483570849e-03 -2.192102206417876342e+00 2.345825557638070002e-03 -5.986098286692805373e-03 9.999793316512872732e-01 -9.427950172542245988e-02
9.952210620940959984e-01 -9.738409501195927076e-02 7.167677657464658139e-03 -1.388969230130885135e+00 9.735212395462800039e-02 9.952389847885614316e-01 4.682640126712725448e-03 -2.171820161415337846e+00 -7.589566906113386427e-03 -3.962473436535152854e-03 9.999633479675354986e-01 -8.182662542152364937e-02
9.954626466470578583e-01 -9.476768442495334122e-02 8.555999016324119036e-03 -1.236938927201110427e+00 9.474112102955933867e-02 9.954959334627864198e-01 3.459254994635642226e-03 -2.169393152787836065e+00 -8.845287813139335667e-03 -2.632954194052696505e-03 9.999574133110443741e-01 -3.576065445172897650e-02
9.955880617077895733e-01 -9.242279540286144068e-02 1.619994675446423740e-02 -1.153764030231328785e+00 9.237618703068642412e-02 9.957176573491798299e-01 3.603735941065412500e-03 -2.152017175330488197e+00 -1.646364038110360514e-02 -2.091347169194461737e-03 9.998622779225244672e-01 -1.109198664307922341e-02
9.956827374066500314e-01 -9.257295093127727859e-02 6.792288736158182648e-03 -1.156129522005816090e+00 9.254634367823307006e-02 9.956998007641196802e-01 4.132920285065699341e-03 -1.981611885126138173e+00 -7.145677168077344162e-03 -3.486475895179401690e-03 9.999683913922688960e-01 -6.278549503253193220e-02
9.951610912520889585e-01 -9.704636867333629735e-02 1.537546048970367916e-02 -1.304888201462345299e+00 9.699603959906466510e-02 9.952767788980939612e-01 3.987692105877932436e-03 -1.824213415625408174e+00 -1.568982982852996921e-02 -2.477037253149671873e-03 9.998738388048755699e-01 -6.253165017538696302e-02
9.946977992341491381e-01 -1.010368673087835012e-01 1.917914604896992642e-02 -1.471817723306802606e+00 1.009954313975358065e-01 9.948819991621298264e-01 3.119387758780367472e-03 -1.659165078572537366e+00 -1.939616033049020027e-02 -1.165842009564714305e-03 9.998111970651472058e-01 -2.669848852684207630e-02
9.950502410860473379e-01 -9.934016773939889633e-02 2.559060004615300917e-03 -1.428967247032283172e+00 9.933503921634707912e-02 9.950519133451160014e-01 2.059060977857912408e-03 -1.561124881454680313e+00 -2.750945016883471917e-03 -1.794664796512942043e-03 9.999946057253420451e-01 -1.318501929950526529e-02
9.955933525258852113e-01 -9.290152955012603853e-02 -1.277427937363000490e-02 -1.221172455095900444e+00 9.294624113588439984e-02 9.956667557998098994e-01 2.950873394716773714e-03 -1.481693338779051405e+00 1.244478464974465431e-02 -4.125191186924081523e-03 9.999140513727631241e-01 -7.315841068548284420e-02
9.958536032801549309e-01 -8.970385729969598820e-02 -1.512675839324437339e-02 -1.126747030832421670e+00 8.978546392902184148e-02 9.959495451719740933e-01 4.803533989498634527e-03 -1.362390609803917574e+00 1.463459261414984912e-02 -6.141779652000583720e-03 9.998740456886178185e-01 -1.369941872670845107e-01
9.956506351705295410e-01 -9.039337227671674635e-02 -2.255772446334002382e-02 -1.185333748648231600e+00 9.051591506227253670e-02 9.958849786631602807e-01 4.469719623893734887e-03 -1.251818823344014620e+00 2.206086591592765558e-02 -6.492112254085810087e-03 9.997355503699565382e-01 -1.320995036122996069e-01
9.956054562424824228e-01 -9.090306747178149294e-02 -2.250350693601451540e-02 -1.212122408302041432e+00 9.101913229832651886e-02 9.958403455715659769e-01 4.186130380647806390e-03 -1.150946455243534450e+00 2.202936803129512677e-02 -6.215983922500788877e-03 9.997379999219880853e-01 -1.136687308777513117e-01
9.958433703395747072e-01 -8.876683798380173573e-02 -2.040662208877431355e-02 -1.096613047733976609e+00 8.885181304253540746e-02 9.960394091908907344e-01 3.294033654291875050e-03 -9.009239744584230936e-01 2.003339885718083413e-02 -5.093506946963455816e-03 9.997863367326093043e-01 -9.715351290211453328e-02
9.962251053577296789e-01 -8.656715468527759194e-02 -6.455012368347637537e-03 -1.034747617772209693e+00 8.659077151268820827e-02 9.962379111629872108e-01 3.473132655902038280e-03 -7.689968827440171184e-01 6.130068826507936545e-03 -4.018966447146546037e-03 9.999731347215679023e-01 -9.375435913108343122e-02
9.964252256428934862e-01 -8.444197235773565069e-02 2.514558976067904524e-03 -9.839083272477536779e-01 8.443167257422062866e-02 9.964214267873183761e-01 3.953846917166157701e-03 -6.586053382789766042e-01 -2.839431074760503243e-03 -3.727404386458815170e-03 9.999890219835972927e-01 -1.006471404631723715e-01
9.963857845920580658e-01 -8.284645364777176724e-02 -1.875722209860437514e-02 -9.602197437651789347e-01 8.294574891759068369e-02 9.965435498918220336e-01 4.577762063022108342e-03 -5.197562779817316292e-01 1.831313734368784571e-02 -6.117048879422363854e-03 9.998135879820987393e-01 -1.443827780979049236e-01
9.959977216407515099e-01 -8.092649548673862270e-02 -3.793996329290360431e-02 -9.301173325901994637e-01 8.117924608764261196e-02 9.966861261215241852e-01 5.166817348346587450e-03 -3.787455754281743303e-01 3.739610261877514968e-02 -8.226075923797860484e-03 9.992666627001133284e-01 -1.873476455125243079e-01
9.956853126379978658e-01 -7.927215696280570656e-02 -4.823570593903226539e-02 -9.102108006774685123e-01 7.959652287556409633e-02 9.968154212875001141e-01 4.838329209912709331e-03 -2.378155377924817682e-01 4.769855074415049051e-02 -8.656847803212656609e-03 9.988242624421073135e-01 -1.887483995812712367e-01
9.965530902445133288e-01 -7.792006383428520810e-02 -2.846756006706377753e-02 -8.683853804033514479e-01 7.806871201626933154e-02 9.969393580350672801e-01 4.146396598104340470e-03 -1.674582128280712179e-01 2.805734357047672337e-02 -6.354530091901667427e-03 9.995861170599956713e-01 -1.333214148571088831e-01
9.970566940121802224e-01 -7.625037937136069921e-02 -7.989278517194123297e-03 -8.338381656231241834e-01 7.628448843114857270e-02 9.970778478424575653e-01 4.054894160271953554e-03 -9.852979109046162975e-02 7.656745411706446236e-03 -4.652417390628167670e-03 9.999598638256056438e-01 -1.053997127562986413e-01
9.971528852223501271e-01 -7.490098489193328102e-02 -8.715845051455783921e-03 -8.534577708807783436e-01 7.492850073101359198e-02 9.971847671257614287e-01 2.874019927458285311e-03 2.682101634235823165e-02 8.476040994774489135e-03 -3.518902465160964835e-03 9.999578861404592178e-01 -8.755593900628241832e-02
9.974734379400674866e-01 -7.088379710230080510e-02 -4.714648701882128909e-03 -7.200495863931450913e-01 7.089986203328021985e-02 9.974778725476028951e-01 3.332167698361383507e-03 1.318828448655196828e-01 4.466561057921213801e-03 -3.658016712376197573e-03 9.999833342341500897e-01 -8.874045773192061615e-02
9.975663665537667368e-01 -6.615908900332578835e-02 -2.200725478032088817e-02 -5.856675208693188361e-01 6.631148745187714910e-02 9.977792837020819094e-01 6.267985871070853691e-03 2.677543726670179591e-01 2.154369867584202819e-02 -7.712065690230010019e-03 9.997381622655774347e-01 -1.564216581630422653e-01
9.977073247625364294e-01 -6.383265295236838222e-02 -2.248302764854337096e-02 -5.575853437618102371e-01 6.397865416706115249e-02 9.979342097566926695e-01 5.834792906089084075e-03 3.063374659957568413e-01 2.206413211876367617e-02 -7.259849471432195875e-03 9.997301979331713051e-01 -1.592589626955541737e-01
9.978592283212234237e-01 -6.224148303939460586e-02 -2.007381984649011034e-02 -5.530963075404770057e-01 6.234420939162530623e-02 9.980444168764966983e-01 4.532272827931692338e-03 2.990033789219486704e-01 1.975246844082445205e-02 -5.774056694420510311e-03 9.997882277061397316e-01 -1.352945562797678303e-01
9.980213633895095304e-01 -5.994072775880196491e-02 -1.898597834955436173e-02 -4.944577867045120700e-01 6.005504876958693561e-02 9.981798644591979297e-01 5.509020375685103575e-03 3.476055318173419950e-01 1.862120660502680422e-02 -6.638323882002643457e-03 9.998045725643639470e-01 -1.334518491052073819e-01
9.972698201265060014e-01 -5.637929060271835990e-02 -4.768942708798962898e-02 -4.212456660642737161e-01 5.674298759441201434e-02 9.983689024282837998e-01 6.306189261694441529e-03 3.621069377163281255e-01 4.725610250228905879e-02 -8.995012800332130576e-03 9.988423051318036094e-01 -1.735567185640210508e-01
9.965647970849150772e-01 -5.363300543165910178e-02 -6.310392966741103227e-02 -3.804215188143810211e-01 5.411757660110142615e-02 9.985165814200592793e-01 5.993707702415914523e-03 4.886686016915531283e-01 6.268885956791568626e-02 -9.388149847851042992e-03 9.979889626285995963e-01 -1.947542678390520310e-01
9.975437818364059073e-01 -5.118807402702209297e-02 -4.781406066132681126e-02 -3.343020825259115925e-01 5.155419265286685648e-02 9.986493385366119746e-01 6.454754859679839515e-03 5.689974091723501992e-01 4.741907358259988409e-02 -8.903915868401852257e-03 9.988353977221554603e-01 -1.757032197175658339e-01
9.987490757616770409e-01 -4.962651372696624819e-02 -6.123136492282741858e-03 -3.276706077587187571e-01 4.966337282696203781e-02 9.987478586620108789e-01 6.021977872608851902e-03 6.961972458262143393e-01 5.816619692404094433e-03 -6.318540445011975280e-03 9.999631208109620584e-01 -1.195244716453748440e-01
9.987630637796552913e-01 -4.716966953477638030e-02 1.572783219188795406e-02 -3.007315471458288370e-01 4.707445766685824234e-02 9.988710710261742287e-01 6.370157171910716121e-03 8.617480583414400819e-01 -1.601055479511467872e-02 -5.621898523067011752e-03 9.998560178306419299e-01 -1.226376722980542511e-01
9.990266603937877354e-01 -4.395559482182536531e-02 3.692899442866592712e-03 -2.395207912209686429e-01 4.392396572599664012e-02 9.990008209016301155e-01 8.248943736664026555e-03 8.844736922980921401e-01 -4.051796803527736406e-03 -8.078707924457688427e-03 9.999591578764275290e-01 -1.767953563818315255e-01
9.989340158369527378e-01 -4.117954290522859301e-02 -2.085850545880510790e-02 -2.095204678747163429e-01 4.135206632225919138e-02 9.991133397257113691e-01 7.908286351340429454e-03 8.975507284401464947e-01 2.051435143352189558e-02 -8.762398544448771892e-03 9.997511599178118269e-01 -1.807212830744181764e-01
9.985899027063519506e-01 -3.850491525384035912e-02 -3.654555669589942823e-02 -1.843191884384364765e-01 3.883149347783160926e-02 9.992115618226073970e-01 8.268605342305297007e-03 8.411491604155237889e-01 3.619836083581340347e-02 -9.676064350770410827e-03 9.992977796690434289e-01 -2.024083912354004144e-01
9.990165148343722601e-01 -3.679580712705578238e-02 -2.474008217554815592e-02 -1.837657905418707827e-01 3.702093360247754594e-02 9.992765844969195843e-01 8.703915864229848712e-03 7.999225356850090396e-01 2.440191720716455848e-02 -9.611256631635313810e-03 9.996560259322081476e-01 -1.775277687485843359e-01
9.993164608388258596e-01 -3.408268237542735890e-02 -1.431718752615789014e-02 -1.448918456905994578e-01 3.419587867035274453e-02 9.993851991756159681e-01 7.737283158629091814e-03 8.663511744890619592e-01 1.404467794311965029e-02 -8.221583230134258194e-03 9.998675675261519125e-01 -1.321565895225380871e-01
9.991937894936905318e-01 -3.224583561609026261e-02 -2.391604320657001945e-02 -1.210499366235527896e-01 3.242657108308416580e-02 9.994481283644026659e-01 7.208064697693013743e-03 8.617295403344595872e-01 2.367041455133664027e-02 -7.977768755267530473e-03 9.996879846635425837e-01 -1.375048101908813158e-01
9.988793493603792539e-01 -3.117370546912872492e-02 -3.561243474840465606e-02 -1.393658940907045729e-01 3.149129338482731938e-02 9.994687959538337552e-01 8.391922041134522448e-03 8.750613079625917390e-01 3.533190997294226310e-02 -9.503999259141509420e-03 9.993304409131876787e-01 -1.621767161190383055e-01
9.990539280255973376e-01 -2.802000152279740877e-02 -3.325850885543570751e-02 -8.801309877161898887e-02 2.829187331134408109e-02 9.995697993245146185e-01 7.732152538872433603e-03 8.390920382030835345e-01 3.302754609654675461e-02 -8.665782885115802178e-03 9.994168726841810013e-01 -1.392294220982523145e-01
9.993783756228939996e-01 -2.583849077400923386e-02 -2.398405161492163373e-02 -6.535975368465006541e-02 2.604824826576721333e-02 9.996247625816416793e-01 8.474833088706595213e-03 7.890746069701209953e-01 2.375607500473806560e-02 -9.094307456751205693e-03 9.996764188837562459e-01 -1.525262495456436995e-01
9.995983465315099181e-01 -2.461576559331594624e-02 -1.404313696174152269e-02 -7.936829635535358474e-02 2.474715873604806451e-02 9.996508486829518425e-01 9.260608076519006443e-03 7.306679950068203366e-01 1.381027682431268215e-02 -9.604416260709028319e-03 9.998585057108465568e-01 -1.473375861291854327e-01
9.996721492262513609e-01 -2.255414560494470658e-02 -1.212041985239266720e-02 -2.556843456672193426e-02 2.265554298663094088e-02 9.997089201018792837e-01 8.294663387705616606e-03 6.687666901587683288e-01 1.192981279602653433e-02 -8.566538668877870036e-03 9.998921411741800158e-01 -1.293014988219309547e-01
9.997355970772471290e-01 -2.038329865412357236e-02 -1.064223062036164305e-02 2.191681594843781014e-02 2.046823395219362143e-02 9.997590225650494489e-01 7.933990084132681864e-03 6.022585216338101066e-01 1.047794519352086492e-02 -8.149719980076106790e-03 9.999118934830047989e-01 -1.338119946197263155e-01
9.996637291497351141e-01 -1.896251336568228682e-02 -1.768761457351872984e-02 1.845939600133554570e-02 1.911328665031350807e-02 9.997820837665294391e-01 8.394477522709425238e-03 5.412483710282649518e-01 1.752457976294949371e-02 -8.729723152119259894e-03 9.998083221487104044e-01 -1.351406405969453051e-01
9.991679629189327283e-01 -1.683750543614484160e-02 -3.714673992584110324e-02 2.525472493995251089e-02 1.716381670202430862e-02 9.998167040755850943e-01 8.483021139502191360e-03 4.606028838615936483e-01 3.699709816525609957e-02 -9.113542786519553129e-03 9.992738153605490448e-01 -1.430792592495914728e-01
9.987348686872647985e-01 -1.387321194275452016e-02 -4.833421209271353963e-02 3.366573238479458191e-02 1.429592836539527942e-02 9.998624313526882634e-01 8.410992905855198959e-03 3.590777191373621391e-01 4.821087533330512681e-02 -9.091334329034063411e-03 9.987958045264878626e-01 -1.464548525429620329e-01
9.993144357773957598e-01 -1.103409098066769622e-02 -3.533988233052809402e-02 7.203876214187815430e-02 1.135150742000982579e-02 9.998969008657180302e-01 8.793799999203233755e-03 3.957550066787062226e-01 3.523920722999718258e-02 -9.188932221040306200e-03 9.993366608898316406e-01 -1.459449538541678915e-01
9.997195070818558627e-01 -9.790362072479423874e-03 -2.156515639871215209e-02 1.000321985715091760e-01 9.974705653634724847e-03 9.999144860203140750e-01 8.457298259759493675e-03 3.802214383945530241e-01 2.148051226424795360e-02 -8.670032134942749075e-03 9.997316730681511388e-01 -1.222244550706359650e-01
9.992214913690308231e-01 -9.061146363066263643e-03 -3.839670315062183870e-02 9.929551734327352053e-02 9.384138980994632950e-03 9.999220161024706677e-01 8.240124341034750499e-03 5.220326928054855875e-01 3.831904385335389851e-02 -8.594029331892426293e-03 9.992285992394369654e-01 -1.161926184091004871e-01
9.985845942397370001e-01 -7.285833539659615846e-03 -5.268514759106352613e-02 9.461142468464957267e-02 7.774433001669925347e-03 9.999285990811886959e-01 9.074961764880828258e-03 6.104651537531959882e-01 5.261526716232011597e-02 -9.471714161854462993e-03 9.985699376069128164e-01 -1.404518666094076718e-01
9.989839961127752188e-01 -4.559060006336458463e-03 -4.483514784640805356e-02 1.374644909228013578e-01 4.939413899222666084e-03 9.999527190873088722e-01 8.376262903573431992e-03 7.032991853892164302e-01 4.479484011449099551e-02 -8.589211940349237087e-03 9.989592823220379003e-01 -1.324608418001076704e-01
9.993980161208402269e-01 -4.172377352246018495e-03 -3.444120556773892783e-02 1.284095752530883539e-01 4.471392494322514594e-03 9.999529409159348958e-01 8.609448457049325917e-03 9.645874215544762986e-01 3.440366292839329432e-02 -8.758265855940730940e-03 9.993696417023614220e-01 -1.370576893853610867e-01
9.994602119551493358e-01 -3.541133549004157367e-03 -3.266106384911674626e-02 1.200298620545870443e-01 3.829578474050240183e-03 9.999541821419116738e-01 8.773137728982529152e-03 1.227809243464128564e+00 3.262850053678615497e-02 -8.893480201176752822e-03 9.994279798778059609e-01 -1.082908193453658574e-01
9.995677510387206421e-01 -2.838248325500873897e-03 -2.926184255710755772e-02 1.224507271477256048e-01 3.054678188758222935e-03 9.999682913272590623e-01 7.354269590185321705e-03 1.500325944785662058e+00 2.924004145956848877e-02 -7.440476227016069692e-03 9.995447260072747309e-01 -8.087121847895631377e-02
9.992679017290603261e-01 -9.673403806523870165e-04 -3.824558571376419913e-02 1.651652447344797991e-01 1.200742762054731036e-03 9.999807943350147443e-01 6.080228444089134411e-03 1.582027778037912835e+00 3.823896953136025900e-02 -6.121700229584644583e-03 9.992498716514697232e-01 -4.612702507813567360e-02
9.994554074115050701e-01 1.395936852033054752e-03 -3.296877244010532754e-02 1.992942235505253401e-01 -1.189409215772300413e-03 9.999795536292858111e-01 6.283122559030871433e-03 1.392168836205048832e+00 3.297686919068801986e-02 -6.240487455279656280e-03 9.994366325158893227e-01 -4.708700304554698512e-02
9.994181006167978110e-01 3.649285528183780075e-03 -3.391375642192924478e-02 2.202596757635786606e-01 -3.420490956692608803e-03 9.999710165374349202e-01 6.801935511616245301e-03 1.204096288988409480e+00 3.393759568866573650e-02 -6.681975772388769851e-03 9.994016163678393072e-01 -5.289416844484521457e-02
9.994162560643559123e-01 5.163198495207765339e-03 -3.377111925306550133e-02 1.988525513835359693e-01 -4.941952386614629524e-03 9.999657993403868739e-01 6.631534976871876486e-03 1.001060361784140929e+00 3.380420418992467757e-02 -6.460768595153782573e-03 9.994075916502964674e-01 -5.654647878881044476e-02
9.990887110487586265e-01 7.684543458111677341e-03 -4.198446435016683909e-02 2.289765545144443748e-01 -7.477770602662100682e-03 9.999591383843376979e-01 5.079813822074582749e-03 8.902905447363886893e-01 4.202178484719562568e-02 -4.761234450577970373e-03 9.991053499230011514e-01 -1.181953558869471704e-02
9.986307678753971739e-01 9.950143091459641778e-03 -5.135741528790357946e-02 2.788698182032230966e-01 -9.756035044562608519e-03 9.999442924671315680e-01 4.028863688048963006e-03 7.847667332316603517e-01 5.139464206319546702e-02 -3.522302495114697663e-03 9.986722105637709790e-01 1.592259565203984345e-02
9.989094280729488018e-01 1.230492353271246328e-02 -4.503935350144892824e-02 3.272393033254910599e-01 -1.212510357148386883e-02 9.999173986552738480e-01 4.263534900861998093e-03 7.194078249449422646e-01 4.508809566121826928e-02 -3.712778383391371947e-03 9.989761152832037361e-01 4.407806411733342089e-03
9.995446942961605519e-01 1.379016190846897062e-02 -2.683720437998573030e-02 3.484955541063000095e-01 -1.365051749925819645e-02 9.998923555018867093e-01 5.379663641071316497e-03 6.478261960969013966e-01 2.690850193521296049e-02 -5.010872521510635440e-03 9.996253416556504234e-01 -5.057733216893787326e-02
9.998945221498467539e-01 1.451664725295325094e-02 4.599209310759141229e-04 3.468450443043878950e-01 -1.451884455260528221e-02 9.998810651174069308e-01 5.201804738458462758e-03 5.791106626662196888e-01 -3.843534659670322503e-04 -5.207933583782514177e-03 9.999863647571400893e-01 -6.925039825328643817e-02
9.995345366969060619e-01 1.610829001949767164e-02 2.590816363135491768e-02 3.440612156226029450e-01 -1.623109702304739721e-02 9.998579744422678717e-01 4.536786707971146235e-03 4.848769830407784198e-01 -2.583140413391675494e-02 -4.955192917834130503e-03 9.996540324650410314e-01 -8.475293008664788741e-02
9.997145050058832139e-01 1.959518783385549509e-02 1.367249408841981692e-02 4.307121459993559220e-01 -1.965142357270751108e-02 9.997989269591421868e-01 3.990889990209302643e-03 3.946356661567578805e-01 -1.359154267947494318e-02 -4.258434583721904323e-03 9.998985627064818082e-01 -5.659118368080397199e-02
9.996606636442326721e-01 2.176206168306201935e-02 -1.431678154037924026e-02 4.681012318418708018e-01 -2.171191219482084336e-02 9.997576093874561698e-01 3.649019145342828358e-03 3.205408121375551422e-01 1.439272146665563669e-02 -3.336936196766776466e-03 9.998908512560767958e-01 -3.966132338540452607e-02
9.986313956200805197e-01 2.387800265754871226e-02 -4.653145893883305073e-02 5.188777985917287783e-01 -2.379174205437375317e-02 9.997140391718094543e-01 2.406842912194557919e-03 2.060596701917784546e-01 4.657562336575167550e-02 -1.296484427956750424e-03 9.989139254391339318e-01 2.409200495587244389e-02
9.979893875782314128e-01 2.558621208239707581e-02 -5.798730923660196102e-02 5.679998004193359540e-01 -2.549344598027826828e-02 9.996722527180189610e-01 2.339093356803503831e-03 6.992239389353746559e-02 5.802815259231797196e-02 -8.560940110796350999e-04 9.983145799845691837e-01 3.831634265069410600e-02
9.985009385401861781e-01 2.820757262216135389e-02 -4.690638102788136782e-02 6.833034025271549350e-01 -2.815410876719713976e-02 9.996019734931600453e-01 1.800207794864734645e-03 -2.046041020249050324e-01 4.693849053700096391e-02 -4.769018194052320955e-04 9.988976677672055660e-01 7.236481793059838796e-02
9.994991767506323788e-01 2.925455023494205956e-02 -1.206511356595185540e-02 6.574143803526673047e-01 -2.923630922126549750e-02 9.995711066250410060e-01 1.685533597834224526e-03 -5.173874053637153025e-01 1.210924844598581553e-02 -1.331950052416985180e-03 9.999257932522449543e-01 1.253683431687097061e-02
9.994134633003961543e-01 3.092609155257326076e-02 1.470735309936823873e-02 6.581380118439543736e-01 -3.095402148000814951e-02 9.995194057121664644e-01 1.675159399197571333e-03 -8.321235172683399961e-01 -1.464847869653479462e-02 -2.129428580484164259e-03 9.998904378009612071e-01 -3.628813600132990702e-02
9.987843236325951723e-01 3.590149632983502537e-02 3.377806132770555525e-02 8.573629966898282939e-01 -3.595428526132489477e-02 9.993529779065316587e-01 9.565148689637718122e-04 -1.162571283422400459e+00 -3.372186586069446379e-02 -2.169818108993352979e-03 9.994289007489463028e-01 -2.660451743191213914e-02
9.990842990118932176e-01 4.020895366910613722e-02 1.462202150011070179e-02 1.053933891862087080e+00 -4.022090203899832128e-02 9.991906747913357201e-01 5.238789979132765090e-04 -1.502004694654232919e+00 -1.458912290315371799e-02 -1.111510175765318548e-03 9.998929552897378725e-01 2.829969137189045428e-02
9.986734805388086667e-01 4.201550292133299919e-02 -2.976536213065664183e-02 1.097076578331303232e+00 -4.204943903215730555e-02 9.991153985609081412e-01 -5.148160434632179138e-04 -1.715397923632296262e+00 2.971740139350269316e-02 1.765749910145760458e-03 9.995567808692371603e-01 1.079118341203118697e-01
9.962826780373252866e-01 4.442264576146886385e-02 -7.380686950634279819e-02 1.181709331142025921e+00 -4.458879879989943035e-02 9.990052422286411771e-01 -6.041699066254469126e-04 -2.004887175881986394e+00 7.370661072357992394e-02 3.892883667031111963e-03 9.972723705148948126e-01 1.575612877128131362e-01
9.942992321013255363e-01 4.726043271217543473e-02 -9.557974964694299080e-02 1.245367892263878451e+00 -4.760797629585689084e-02 9.988651746326574488e-01 -1.357755163472422217e-03 -2.280543698744827985e+00 9.540711522589648275e-02 5.900373371977836109e-03 9.954208496703008668e-01 1.847343459713091940e-01
9.957002536305984419e-01 4.980088346077922445e-02 -7.810811050389009080e-02 1.247343268358857227e+00 -5.010324828968029665e-02 9.987422077275422971e-01 -1.914944995928190849e-03 -2.449419818418038020e+00 7.791450077350599301e-02 5.820181272148535270e-03 9.969430555749785317e-01 1.359903875160076159e-01
9.973351274559240087e-01 5.198777093151979445e-02 -5.118510736579288956e-02 1.248752725937718910e+00 -5.217566078105911886e-02 9.986351797097857697e-01 -2.340570029658037461e-03 -2.601159701521643441e+00 5.099356787415221248e-02 5.004949507808214605e-03 9.986864405387151367e-01 1.348592688665805617e-01
9.981965683806399703e-01 5.428320564384785107e-02 -2.563092776592534872e-02 1.260675242322778500e+00 -5.434074392720202040e-02 9.985212421836140440e-01 -1.553208785269279222e-03 -2.676694612886843849e+00 2.550871267925165775e-02 2.943211361779218393e-03 9.996702671802975004e-01 1.138376570586170228e-01
9.981865380795593712e-01 5.733541444427430606e-02 -1.833808733885959608e-02 1.331975133233535669e+00 -5.737873623937220918e-02 9.983507790772879753e-01 -1.844598423684848084e-03 -2.649170380050615670e+00 1.820208296643260198e-02 2.893469591235986460e-03 9.998301415787622659e-01 7.780047049616692356e-02
9.972458512226552996e-01 5.891011401303221373e-02 -4.505896898701858971e-02 1.350303553414685220e+00 -5.906722281381604489e-02 9.982516658506720431e-01 -2.162132147051041252e-03 -2.582599521878299775e+00 4.485281940151105567e-02 4.817685474358837303e-03 9.989819890760821552e-01 1.076229821725829816e-01
9.941507552659412106e-01 6.016674392527063958e-02 -8.968968017330426756e-02 1.277353280296766425e+00 -6.070528582868588846e-02 9.981503234670681124e-01 -3.286340676923214972e-03 -2.538806226519462417e+00 8.932605485868190531e-02 8.711755736828256241e-03 9.959643373310942405e-01 2.111032912061579225e-01
9.892309497584159672e-01 6.580154761716380807e-02 -1.307374635337876234e-01 1.469089230552408587e+00 -6.681431387211078654e-02 9.977597341514854445e-01 -3.370514464612567838e-03 -2.643873408959404703e+00 1.302227917910739330e-01 1.206935114839329318e-02 9.914112947011424204e-01 2.683073298984825494e-01
9.828934162359622695e-01 6.945788589000449764e-02 -1.705758904643046026e-01 1.599718467872822680e+00 -7.114757881399692840e-02 9.974585406192808534e-01 -3.805492683025053779e-03 -2.684946287375598484e+00 1.698780572908267783e-01 1.587645531425627490e-02 9.853371929536349771e-01 3.593301317512579418e-01
9.819383480823872246e-01 7.105194121540979457e-02 -1.753530787147876968e-01 1.576606636826841212e+00 -7.265371030493968096e-02 9.973535087025277024e-01 -2.723427561547726340e-03 -2.790373652999534659e+00 1.746955035029764958e-01 1.541428974293168955e-02 9.845018439432008384e-01 3.548399530157089199e-01
9.858472615319042731e-01 7.122210704542329684e-02 -1.517649116168011403e-01 1.442287602772206911e+00 -7.256183284372604014e-02 9.973584543816307324e-01 -3.300589014682525635e-03 -2.937991243831508115e+00 1.511289427753808867e-01 1.426621678984823366e-02 9.884111076440312837e-01 3.324203853352200033e-01
9.880989525771568527e-01 7.232454713361202714e-02 -1.357557357824836219e-01 1.375865049948345797e+00 -7.372600203323137480e-02 9.972643581023864501e-01 -5.317582423526611736e-03 -3.033630965506543209e+00 1.349997649632084795e-01 1.526302527525155370e-02 9.907280673925239478e-01 3.585896071734587243e-01
9.930275917591071533e-01 7.639328526893042481e-02 -8.977899515436754685e-02 1.429440888605219673e+00 -7.711886121412452055e-02 9.970111284176905730e-01 -4.635844725599721008e-03 -3.175802508187282935e+00 8.915650985847714538e-02 1.152717559088467687e-02 9.959509229739947900e-01 2.322686567762878018e-01
9.935820257194359906e-01 8.079829126632173675e-02 -7.916056022859246921e-02 1.545344832219204934e+00 -8.117851829482294890e-02 9.966983068068562268e-01 -1.591658192900258836e-03 -3.336715004684775110e+00 7.877059308345388255e-02 8.007579958300002632e-03 9.968606082740416596e-01 1.376719142067932000e-01
9.864476920194195086e-01 8.120064797522395794e-02 -1.425742111251692423e-01 1.549258274673638081e+00 -8.216082087357658159e-02 9.966187215189941107e-01 -8.505476033986228424e-04 -3.478574491818078318e+00 1.420230629966155733e-01 1.255303494177173636e-02 9.897837495588670542e-01 2.227768657417756315e-01
9.785734702134086804e-01 8.146216698847487392e-02 -1.890975376466569879e-01 1.502824670616281111e+00 -8.376936133206479285e-02 9.964762036336077822e-01 -4.227256080567239060e-03 -3.668259491091666824e+00 1.880868349898657810e-01 1.997726061036795078e-02 9.819492102761733232e-01 4.183619410278984208e-01
9.812868188730516916e-01 8.437492446804308044e-02 -1.730810539227754519e-01 1.492449177219211887e+00 -8.661647725785233398e-02 9.962269575520641407e-01 -5.425395284934824390e-03 -3.782635769961067762e+00 1.719702444420156962e-01 2.031554005114974068e-02 9.848926407781629644e-01 4.369039470763841360e-01
9.852393590993568928e-01 8.740582923681926297e-02 -1.471856864539224097e-01 1.498063928267716616e+00 -8.907847165195782735e-02 9.960130522983700052e-01 -4.798493454808955283e-03 -3.868754527796952836e+00 1.461794485200970939e-01 1.783874061441811584e-02 9.890972389829282285e-01 3.569814354022470271e-01
9.893658051241125406e-01 8.845748024376404173e-02 -1.154581215854500742e-01 1.460995467422105731e+00 -8.965992310195888826e-02 9.959585867863396391e-01 -5.252770307950404248e-03 -4.098156533699810034e+00 1.145268607815096706e-01 1.554887762770545620e-02 9.932984599625891420e-01 2.832746167383604075e-01
9.889969438502616006e-01 9.006721260846392574e-02 -1.173581793816875357e-01 1.484346009617884876e+00 -9.127616691507528524e-02 9.958132813281860285e-01 -4.956821933697844011e-03 -4.237617171668177640e+00 1.164203865658154785e-01 1.561428651372936960e-02 9.930772818107024280e-01 2.577236298748151744e-01
9.865655935842136959e-01 9.232549364023079352e-02 -1.347751192910464357e-01 1.542882984510790090e+00 -9.364469512576459320e-02 9.955996402918035892e-01 -3.468043487881003473e-03 -4.501189965906291945e+00 1.338618714594663472e-01 1.604242733874578289e-02 9.908701428009880630e-01 2.857141625242151095e-01
9.866445549288820338e-01 9.540111067315530657e-02 -1.320270817352132975e-01 1.578267773869650892e+00 -9.674605578247734428e-02 9.953018624162491834e-01 -3.795176053818060183e-03 -4.708543003345253553e+00 1.310447363297057299e-01 1.651758920284870924e-02 9.912388442384629794e-01 2.429572886048159408e-01
9.868012387516847950e-01 9.789553109358184457e-02 -1.289952719677970594e-01 1.604741239501697558e+00 -9.950929655790216599e-02 9.950178763158080697e-01 -6.109477107807547921e-03 -4.933302814903185229e+00 1.277545110620046109e-01 1.886506835092031237e-02 9.916263883637945753e-01 2.818120131114414395e-01
9.875083619888215258e-01 9.801515994629206308e-02 -1.233704317203167256e-01 1.476270544705137633e+00 -9.952898047080507848e-02 9.950156401406685669e-01 -6.152879155138012666e-03 -5.169190901054084186e+00 1.221524336581005232e-01 1.835495290537169505e-02 9.923416138887076743e-01 3.123963123937951725e-01
9.825002411299995631e-01 9.607150530425410950e-02 -1.595729991197363806e-01 1.362324365363199341e+00 -9.847296865488842921e-02 9.951137373812639630e-01 -7.191948233005201162e-03 -5.360381840463656289e+00 1.581023422463629369e-01 2.277971781360642323e-02 9.871599332593206100e-01 4.354976503973667645e-01
9.813553848471379126e-01 9.759075983379011943e-02 -1.655827654878045396e-01 1.378091326531279526e+00 -1.001481701274711811e-01 9.949468692384904056e-01 -7.146426564746490018e-03 -5.621254939348777846e+00 1.640486289233922812e-01 2.359599515997841401e-02 9.861700037826973686e-01 3.611635918839831705e-01
9.828708741590055364e-01 1.018562733897506040e-01 -1.535908340398756677e-01 1.486803254328624924e+00 -1.037574918172900623e-01 9.945929250422735901e-01 -4.392760821996979925e-03 -5.737930224836427229e+00 1.523129266401812565e-01 2.025371637519076187e-02 9.881247691214384288e-01 2.673596568971037812e-01
9.860626347397418723e-01 1.042993781242381873e-01 -1.296229921465150425e-01 1.545720867507716756e+00 -1.056685371374126298e-01 9.943944823356111185e-01 -3.711301622243150418e-03 -5.845572264960356534e+00 1.285093017230953538e-01 1.735664781543952775e-02 9.915564059332445668e-01 1.947465111407946647e-01
9.873682228822140416e-01 1.055532237515148658e-01 -1.181630627483953311e-01 1.527457950244512697e+00 -1.070273279435742103e-01 9.942368604656584008e-01 -6.181938583454658388e-03 -5.967444445861099567e+00 1.168295489834536571e-01 1.875052658070226405e-02 9.929749615359236836e-01 1.969694193965826345e-01
9.876028850251001856e-01 1.051296591174858269e-01 -1.165688477421814029e-01 1.433394310649120262e+00 -1.068756034918177250e-01 9.942333470924683558e-01 -8.812315675639911458e-03 -6.053127466177861571e+00 1.149701999144056297e-01 2.116143433580534167e-02 9.931435177397539560e-01 3.041635168059820815e-01
9.866334697260871200e-01 1.059006159266601965e-01 -1.238525573519431988e-01 1.392221593794088941e+00 -1.077108513703881332e-01 9.941501274142180433e-01 -7.993538600662286955e-03 -6.125410585595406410e+00 1.222815150107673943e-01 2.122695712173846422e-02 9.922684351414305937e-01 3.013480479267620638e-01
9.843945172543773214e-01 1.057827464100386666e-01 -1.406323041177625355e-01 1.330357585513450402e+00 -1.078626682099159545e-01 9.941395216403767776e-01 -7.228853247948446858e-03 -6.176496130635421800e+00 1.390434435928533385e-01 2.228501906196716370e-02 9.900355037670359737e-01 2.861679278438847840e-01
9.862008972626692405e-01 1.080447826880360784e-01 -1.254357013461525339e-01 1.362334462234444876e+00 -1.100038477250462887e-01 9.938924036342589030e-01 -8.777441757151744489e-03 -6.224373355545151476e+00 1.237212339252682231e-01 2.245473072674041004e-02 9.920629220689576311e-01 2.957626968747114060e-01
9.881211468606779791e-01 1.108772640546875632e-01 -1.064087940091677786e-01 1.438946853745745491e+00 -1.126020853955601586e-01 9.935865479176068105e-01 -1.032192626132293414e-02 -6.230842122678637907e+00 1.045818793640150290e-01 2.218116572500864955e-02 9.942688903891996333e-01 3.163474812493315969e-01
9.888673257798131777e-01 1.121430978869884659e-01 -9.780254394130148687e-02 1.479218521872131431e+00 -1.136413117681280421e-01 9.934728413220264009e-01 -9.867411776092691392e-03 -6.239628653658580326e+00 9.605760909318954155e-02 2.087197048314250181e-02 9.951569205826038544e-01 3.050788493952668601e-01
9.890717788825260648e-01 1.108510463474403074e-01 -9.720628447705002839e-02 1.373945306345805806e+00 -1.123778446494921035e-01 9.936115586620262174e-01 -1.035811397665698831e-02 -6.301077974961730277e+00 9.543708005848754172e-02 2.116875095267634760e-02 9.952103535097559517e-01 2.581724649484136713e-01
9.895310104232797332e-01 1.092017809188731287e-01 -9.435756702474605573e-02 1.289301669081383661e+00 -1.106303389073347992e-01 9.938110321353970100e-01 -1.002798679821754330e-02 -6.352177087661569743e+00 9.267851705725148326e-02 2.036181352737072986e-02 9.954878648310813150e-01 2.295035265859333151e-01
9.884805746759518508e-01 1.107819869759388148e-01 -1.031188869701519656e-01 1.323930545075578946e+00 -1.122715476999042034e-01 9.936391541902327429e-01 -8.736752096009346713e-03 -6.473639103921605908e+00 1.014950888731478845e-01 2.021342676989508827e-02 9.946306672895471879e-01 2.377347364569437349e-01
9.900475870851258575e-01 1.110172850427397773e-01 -8.649241428390806730e-02 1.311828815750491373e+00 -1.123498271612372867e-01 9.936113312878879222e-01 -1.067888913469900759e-02 -6.540825514854483380e+00 8.475430162393073064e-02 2.029001621611351697e-02 9.961952738284746145e-01 2.494790405446502546e-01
9.918120341555607400e-01 1.109126393938698468e-01 -6.330304358318182556e-02 1.240047192818210853e+00 -1.119435699424542047e-01 9.936299566281617812e-01 -1.296712919871393331e-02 -6.587817738019833946e+00 6.146158192519691338e-02 1.994732347465857231e-02 9.979101052867686006e-01 2.309713417655644419e-01
9.918569797533951515e-01 1.102591018615121932e-01 -6.373901608250387429e-02 1.203114209503037157e+00 -1.111569029895131955e-01 9.937452170310392408e-01 -1.070451053120509768e-02 -6.636282739427795008e+00 6.216007265321493724e-02 1.770237511254940665e-02 9.979091898981197195e-01 1.703471098575198850e-01
9.910625469359441997e-01 1.107439481340035115e-01 -7.436938894822672785e-02 1.228948677722975003e+00 -1.118984045216347978e-01 9.936527896591995646e-01 -1.152738773543589453e-02 -6.597253594123557718e+00 7.262076236416187269e-02 1.974617821715473481e-02 9.971641355962740372e-01 1.978366074847153766e-01
9.910839125897732416e-01 1.106623382019724516e-01 -7.420596410949120703e-02 1.221727313219710842e+00 -1.120508072681509065e-01 9.935922050024467156e-01 -1.480360594353873765e-02 -6.581437526536826788e+00 7.209226585634917472e-02 2.298645388153951197e-02 9.971330543822370940e-01 2.541710624990892176e-01
9.916789171952832271e-01 1.079428054626181271e-01 -7.015180638622195430e-02 1.089911981561133780e+00 -1.091931429678525550e-01 9.939187108434108797e-01 -1.422862481669939609e-02 -6.718122178081964435e+00 6.818931528614072257e-02 2.177032347558623820e-02 9.974348451385561809e-01 2.414081777121140360e-01
9.927913271596200406e-01 1.059357067069863767e-01 -5.606252546159200267e-02 1.012607470600024318e+00 -1.066511954958663244e-01 9.942470128537923557e-01 -9.919673916679767195e-03 -6.933347580700258028e+00 5.468915080656119865e-02 1.582730159572740339e-02 9.983779811816039240e-01 1.268897622465696429e-01
9.929466233347927773e-01 1.059193390550795533e-01 -5.327379113755931900e-02 1.074095523297653898e+00 -1.067361456192203184e-01 9.942060110632168213e-01 -1.272017233056956832e-02 -6.985975199989637119e+00 5.161781113516716174e-02 1.831669129242217281e-02 9.984989235816492670e-01 1.559601377767599883e-01
9.932351312757424777e-01 1.048829050713859373e-01 -4.983523074537941216e-02 1.046543231557145903e+00 -1.057030008023869677e-01 9.942976524953571760e-01 -1.410864499491654503e-02 -7.014583164412903749e+00 4.807129726800748321e-02 1.928093529911476325e-02 9.986577972023060745e-01 1.841029054654649277e-01
9.937749473054069416e-01 1.055003265902098863e-01 -3.579155204087506453e-02 1.037577869013127208e+00 -1.060580336794058054e-01 9.942606263211161144e-01 -1.405348496281362720e-02 -6.985312381176436602e+00 3.410348369585782663e-02 1.776198291016677436e-02 9.992604587208008260e-01 1.924879374189226167e-01
9.936287893255966175e-01 1.054623583843747325e-01 -3.974317535571136178e-02 1.011497628406592186e+00 -1.061376339255723500e-01 9.942340928146387036e-01 -1.527649664463588686e-02 -6.823307684428280950e+00 3.790292453136450551e-02 1.939741346309041548e-02 9.990931431367705562e-01 2.035735213326629045e-01
9.933794203420545088e-01 1.039948030328573386e-01 -4.880991890016758705e-02 9.859902060832894666e-01 -1.048430311382886754e-01 9.943734511218432770e-01 -1.514524762990238083e-02 -6.612165740552111259e+00 4.696026046158137401e-02 2.016235715863691491e-02 9.986932528515389818e-01 1.969632484253423799e-01
9.938730547911892588e-01 1.038517195983030966e-01 -3.783082468708804519e-02 9.970908054376160790e-01 -1.045089193974452352e-01 9.943980453224972038e-01 -1.582445023295277545e-02 -6.326301776923146214e+00 3.597550175338850437e-02 1.968115330137768307e-02 9.991588539758428089e-01 2.303124101621396025e-01
9.942876443485957338e-01 1.027702118266351911e-01 -2.881603471730363394e-02 9.733900155896452189e-01 -1.032761615995351073e-01 9.945133071421135007e-01 -1.665281845582992221e-02 -6.010913800395944584e+00 2.694651630521145355e-02 1.953370109233401597e-02 9.994460064358896556e-01 2.106103242382128538e-01
9.941756059042247129e-01 1.004182947627609707e-01 -3.912838741766647144e-02 8.697455014108053106e-01 -1.011118879484665251e-01 9.947437280635296197e-01 -1.616482581927047163e-02 -5.784652252853965670e+00 3.729947372905545455e-02 2.002702062738875161e-02 9.991034319350152737e-01 1.915121561218771085e-01
9.941833031336807514e-01 9.863915519190920300e-02 -4.324207248999916570e-02 8.232387261803464362e-01 -9.944955342320994929e-02 9.948973197753732123e-01 -1.700321815724289282e-02 -5.570334402101150495e+00 4.134423894725839516e-02 2.120472038969480055e-02 9.989199235870044324e-01 2.431007594627195845e-01
9.940076145439885602e-01 9.837227085168834262e-02 -4.766296839320285222e-02 8.918174903491102867e-01 -9.928306708546474901e-02 9.949117999177899963e-01 -1.712842591852535221e-02 -5.328935430438769494e+00 4.573548751978593480e-02 2.175791147664155392e-02 9.987166056842662343e-01 2.361032908923267615e-01
9.940312770033482570e-01 9.756897779545682658e-02 -4.880691458228374885e-02 9.035922972472767434e-01 -9.848397196859938474e-02 9.949984704340284480e-01 -1.670182921813808188e-02 -5.062241049705191287e+00 4.693322495184858861e-02 2.140883943359308747e-02 9.986685806561282908e-01 2.208839308223063957e-01
9.942648061629012490e-01 9.523777885693597567e-02 -4.865450343232208263e-02 7.910812431505429565e-01 -9.604494960020977523e-02 9.952710125826185195e-01 -1.452512199819421326e-02 -4.729650766632219394e+00 4.704107654105764424e-02 1.911483693800767117e-02 9.987100480753619003e-01 1.284675327670771194e-01
9.951239352590099951e-01 9.505031156289449334e-02 -2.633992684914737703e-02 7.608878501479710010e-01 -9.545286420288519313e-02 9.953287858196775417e-01 -1.446923751246078672e-02 -4.507929734880107731e+00 2.484158187570406628e-02 1.691290603424286040e-02 9.995483227035046880e-01 6.269529484834988897e-02
9.950928580154799752e-01 9.540559669903865558e-02 -2.622929745693357295e-02 7.876363697373709449e-01 -9.585971430692293016e-02 9.952558321473988778e-01 -1.663561689820038450e-02 -4.222696247287572646e+00 2.451773031051265872e-02 1.906831652477378528e-02 9.995175237109812372e-01 1.433869785712961753e-01
9.952704635789938470e-01 9.379216125141380533e-02 -2.529297956041206413e-02 7.692184697216588596e-01 -9.422724446235249129e-02 9.954124095627524538e-01 -1.659401366478862813e-02 -3.959820185245841895e+00 2.362055732379519934e-02 1.889881944101056907e-02 9.995423472246933727e-01 1.852567184926432464e-01
9.955916414273823234e-01 9.241930142722828978e-02 -1.599863255512132612e-02 7.587753651455959591e-01 -9.268937737772789398e-02 9.955490333134164871e-01 -1.705290561901585955e-02 -3.703629212313058972e+00 1.435140554997368922e-02 1.846063358677147576e-02 9.997265837049224002e-01 1.827793379736676049e-01
