1788358838.0517 0.0000 0.0000 0.0000 0.0000 0.0000 0.0000 1.0000
1788358838.1619 -0.0091 0.0978 -0.0036 0.0003 -0.0041 0.0002 1.0000
1788358838.2525 -0.0023 -0.1074 -0.0081 0.0003 -0.0010 -0.0003 1.0000
1788358838.3565 -0.0057 -0.3628 0.0093 0.0004 0.0004 -0.0005 1.0000
1788358838.4475 0.0113 -0.4597 0.0188 0.0003 -0.0013 -0.0005 1.0000
1788358838.5573 0.0153 -0.5841 0.0243 0.0005 -0.0002 -0.0001 1.0000
1788358838.6451 0.0208 -0.6074 0.0346 0.0008 0.0009 -0.0001 1.0000
1788358838.7593 -0.0198 -0.5381 0.0219 0.0007 0.0005 0.0003 1.0000
1788358838.8592 -0.0218 -0.5717 0.0216 0.0007 0.0010 0.0000 1.0000
1788358838.9580 -0.0023 -0.6127 0.0292 0.0006 -0.0008 -0.0002 1.0000
1788358839.0572 -0.0181 -0.5336 0.0231 -0.0000 0.0005 -0.0001 1.0000
1788358839.1512 -0.0172 -0.4644 0.0332 0.0003 0.0001 0.0000 1.0000
1788358839.2502 -0.0150 -0.5565 0.0389 0.0008 -0.0001 0.0001 1.0000
1788358839.3504 -0.0242 -0.5977 0.0270 0.0006 0.0000 0.0001 1.0000
1788358839.4489 -0.0358 -0.5945 0.0239 0.0003 -0.0010 0.0004 1.0000
1788358839.5450 -0.0364 -0.5766 0.0385 0.0005 0.0004 0.0007 1.0000
1788358839.6478 -0.0346 -0.5578 0.0228 0.0004 0.0003 0.0008 1.0000
1788358839.7490 -0.0262 -0.5425 0.0019 -0.0002 0.0017 0.0006 1.0000
1788358839.8474 -0.0137 -0.5463 -0.0087 0.0000 -0.0008 0.0005 1.0000
1788358839.9428 -0.0309 -0.5563 0.0020 0.0005 -0.0010 0.0005 1.0000
1788358840.0588 -0.0471 -0.6303 0.0262 0.0006 0.0000 0.0005 1.0000
1788358840.1544 -0.0349 -0.6068 0.0209 0.0003 0.0021 0.0002 1.0000
1788358840.2436 -0.0273 -0.5767 -0.0012 0.0003 0.0017 -0.0001 1.0000
1788358840.3643 -0.0141 -0.5521 -0.0242 -0.0001 0.0015 -0.0004 1.0000
1788358840.4440 -0.0426 -0.5733 -0.0314 -0.0004 0.0011 0.0001 1.0000
1788358840.5905 -0.0423 -0.6074 0.0108 0.0005 0.0000 0.0005 1.0000
1788358840.6563 -0.0331 -0.6361 0.0051 0.0004 0.0007 0.0005 1.0000
1788358840.7470 -0.0132 -0.6361 -0.0155 -0.0002 0.0006 0.0004 1.0000
1788358840.8514 -0.0182 -0.6610 -0.0266 -0.0002 0.0017 0.0007 1.0000
1788358840.9507 -0.0413 -0.6165 -0.0191 0.0000 -0.0015 0.0012 1.0000
1788358841.0683 -0.0351 -0.5780 -0.0140 -0.0001 -0.0026 0.0014 1.0000
1788358841.1456 -0.0146 -0.6273 -0.0314 -0.0005 -0.0009 0.0011 1.0000
1788358841.2554 -0.0208 -0.6912 -0.0526 -0.0007 0.0014 0.0010 1.0000
1788358841.3424 -0.0547 -0.7424 -0.0549 -0.0008 0.0026 0.0015 1.0000
1788358841.4674 -0.0211 -0.9518 -0.0403 -0.0007 0.0006 0.0009 1.0000
1788358841.5436 -0.0109 -1.0852 -0.0443 -0.0004 0.0006 0.0004 1.0000
1788358841.6441 0.0011 -1.0219 -0.0682 -0.0009 0.0029 -0.0000 1.0000
1788358841.7472 -0.0159 -0.9850 -0.0663 -0.0011 -0.0007 0.0003 1.0000
1788358841.8565 -0.0173 -0.9275 -0.0723 -0.0012 0.0017 0.0003 1.0000
1788358841.9524 -0.0119 -0.9041 -0.0626 -0.0011 0.0008 0.0003 1.0000
1788358842.0512 -0.0215 -0.9965 -0.0559 -0.0011 0.0025 0.0005 1.0000
1788358842.1503 -0.0310 -0.9285 -0.0800 -0.0014 0.0028 0.0006 1.0000
1788358842.2428 -0.0232 -1.0086 -0.0890 -0.0012 0.0022 0.0004 1.0000
1788358842.3478 -0.0297 -1.0229 -0.0780 -0.0015 0.0044 0.0009 1.0000
1788358842.4650 -0.0121 -1.0487 -0.0867 -0.0018 0.0002 0.0009 1.0000
1788358842.5605 -0.0043 -1.0543 -0.1056 -0.0020 0.0012 0.0007 1.0000
1788358842.6505 -0.0131 -1.0599 -0.1066 -0.0019 0.0005 0.0008 1.0000
1788358842.7599 -0.0219 -0.9893 -0.0950 -0.0020 0.0017 0.0011 1.0000
1788358842.8517 -0.0606 -0.9758 -0.0940 -0.0021 0.0043 0.0015 1.0000
1788358842.9581 -0.0626 -0.9611 -0.1202 -0.0023 0.0045 0.0014 1.0000
1788358843.0535 -0.0182 -1.1259 -0.1362 -0.0028 0.0009 0.0006 1.0000
1788358843.1520 -0.0041 -1.1932 -0.1265 -0.0029 -0.0013 0.0005 1.0000
1788358843.2634 -0.0394 -1.2368 -0.1402 -0.0029 0.0006 0.0008 1.0000
1788358843.3541 -0.0740 -1.2540 -0.1554 -0.0028 0.0013 0.0013 1.0000
1788358843.4560 -0.0626 -1.2995 -0.1250 -0.0026 0.0035 0.0016 1.0000
1788358843.5442 -0.0630 -1.2591 -0.1235 -0.0028 0.0046 0.0019 1.0000
1788358843.6478 -0.0779 -1.2261 -0.1596 -0.0035 0.0031 0.0022 1.0000
1788358843.7582 -0.0755 -1.2127 -0.1891 -0.0039 0.0020 0.0022 1.0000
1788358843.8611 -0.0571 -1.3569 -0.1653 -0.0039 0.0034 0.0020 1.0000
1788358843.9498 -0.0861 -1.5153 -0.1645 -0.0039 0.0069 0.0021 1.0000
1788358844.0503 -0.1210 -1.5699 -0.1494 -0.0040 0.0105 0.0023 0.9999
1788358844.1488 -0.1428 -1.5791 -0.1501 -0.0044 0.0115 0.0025 0.9999
1788358844.2507 -0.1350 -1.6277 -0.1816 -0.0052 0.0048 0.0024 1.0000
1788358844.3509 -0.1160 -1.7001 -0.1725 -0.0051 0.0059 0.0021 1.0000
1788358844.4454 -0.1051 -1.7870 -0.1878 -0.0051 0.0065 0.0023 1.0000
1788358844.5471 -0.1679 -1.8837 -0.2045 -0.0053 0.0122 0.0031 0.9999
1788358844.6499 -0.1829 -1.9930 -0.1850 -0.0051 0.0135 0.0037 0.9999
1788358844.7503 -0.2003 -1.9767 -0.1716 -0.0049 0.0132 0.0041 0.9999
1788358844.8513 -0.1957 -1.9333 -0.1684 -0.0053 0.0018 0.0040 1.0000
1788358844.9511 -0.1911 -1.8980 -0.1689 -0.0053 -0.0031 0.0038 1.0000
1788358845.0486 -0.2287 -1.9695 -0.1656 -0.0048 0.0029 0.0041 1.0000
1788358845.1525 -0.2503 -1.9471 -0.1910 -0.0052 0.0052 0.0043 1.0000
1788358845.2482 -0.2714 -1.9215 -0.1805 -0.0055 0.0097 0.0047 0.9999
1788358845.3482 -0.2495 -1.8568 -0.1774 -0.0053 0.0066 0.0049 1.0000
1788358845.4470 -0.3077 -1.8189 -0.1823 -0.0055 0.0102 0.0060 0.9999
1788358845.5464 -0.3004 -1.7954 -0.1863 -0.0058 0.0170 0.0062 0.9998
1788358845.6514 -0.3774 -1.7268 -0.2101 -0.0057 0.0150 0.0071 0.9998
1788358845.7564 -0.3844 -1.7236 -0.2192 -0.0055 0.0143 0.0075 0.9999
1788358845.8539 -0.3394 -1.7564 -0.1514 -0.0052 0.0122 0.0073 0.9999
1788358845.9735 -0.2948 -1.7966 -0.1397 -0.0053 0.0180 0.0069 0.9998
1788358846.0603 -0.3609 -1.8661 -0.1869 -0.0057 0.0237 0.0075 0.9997
1788358846.1672 -0.4804 -1.8875 -0.1853 -0.0056 0.0267 0.0090 0.9996
1788358846.2457 -0.5598 -2.0389 -0.1596 -0.0052 0.0233 0.0103 0.9997
1788358846.3457 -0.5842 -2.1952 -0.1577 -0.0051 0.0127 0.0108 0.9998
1788358846.4521 -0.5565 -2.3540 -0.1922 -0.0053 0.0011 0.0111 0.9999
1788358846.5728 -0.5623 -2.3429 -0.2006 -0.0054 0.0036 0.0116 0.9999
1788358846.6555 -0.6662 -2.2385 -0.1545 -0.0052 0.0140 0.0130 0.9998
1788358846.7570 -0.7785 -2.1443 -0.1006 -0.0049 0.0278 0.0143 0.9995
1788358846.8513 -0.9030 -2.0402 -0.0758 -0.0047 0.0419 0.0158 0.9990
1788358846.9700 -0.8789 -2.0239 -0.1274 -0.0051 0.0321 0.0162 0.9993
1788358847.0529 -0.8482 -1.9925 -0.1872 -0.0055 0.0141 0.0162 0.9998
1788358847.1569 -0.8304 -2.0364 -0.1516 -0.0048 0.0191 0.0166 0.9997
1788358847.2506 -0.9100 -2.0768 -0.1257 -0.0050 0.0201 0.0180 0.9996
1788358847.3471 -1.0131 -2.0968 -0.0952 -0.0048 0.0285 0.0196 0.9994
1788358847.4468 -1.1000 -2.1261 -0.0811 -0.0047 0.0316 0.0212 0.9993
1788358847.5551 -1.1225 -2.0790 -0.0604 -0.0045 0.0322 0.0224 0.9992
1788358847.6536 -1.1333 -2.0229 -0.0814 -0.0044 0.0231 0.0232 0.9995
1788358847.7420 -1.1459 -1.9716 -0.1174 -0.0047 0.0165 0.0238 0.9996
1788358847.8488 -1.0870 -1.9846 -0.1391 -0.0049 0.0098 0.0242 0.9996
1788358847.9480 -1.2127 -2.0553 -0.1068 -0.0045 0.0200 0.0261 0.9994
1788358848.0489 -1.2886 -2.1235 -0.0688 -0.0044 0.0280 0.0278 0.9992
1788358848.1431 -1.2290 -2.3233 -0.0687 -0.0047 0.0237 0.0279 0.9993
1788358848.2618 -1.2571 -2.5077 -0.0671 -0.0045 0.0177 0.0290 0.9994
1788358848.3403 -1.3011 -2.6643 -0.0379 -0.0039 0.0270 0.0303 0.9992
1788358848.4441 -1.3811 -2.7481 -0.0569 -0.0040 0.0226 0.0319 0.9992
1788358848.5519 -1.4272 -2.7608 -0.0800 -0.0043 0.0135 0.0328 0.9994
1788358848.6450 -1.3737 -2.7175 -0.1158 -0.0048 0.0108 0.0330 0.9994
1788358848.7605 -1.3748 -2.6258 -0.0975 -0.0045 0.0085 0.0341 0.9994
1788358848.8440 -1.3901 -2.5232 -0.0643 -0.0038 0.0124 0.0349 0.9993
1788358848.9440 -1.4676 -2.4404 0.0269 -0.0030 0.0385 0.0363 0.9986
1788358849.0458 -1.5508 -2.2906 0.0425 -0.0025 0.0480 0.0377 0.9981
1788358849.1568 -1.5224 -2.1499 -0.0047 -0.0028 0.0364 0.0387 0.9986
1788358849.2447 -1.4810 -2.0287 -0.0202 -0.0033 0.0248 0.0397 0.9989
1788358849.3510 -1.4754 -1.9055 -0.0715 -0.0037 0.0187 0.0409 0.9990
1788358849.4432 -1.5172 -1.7005 -0.0939 -0.0039 0.0172 0.0420 0.9990
1788358849.5496 -1.5936 -1.5109 -0.0895 -0.0040 0.0165 0.0431 0.9989
1788358849.6432 -1.6539 -1.3841 -0.0688 -0.0035 0.0226 0.0439 0.9988
1788358849.7467 -1.6237 -1.3249 -0.0291 -0.0026 0.0289 0.0444 0.9986
1788358849.8538 -1.6243 -1.3211 -0.0318 -0.0027 0.0256 0.0449 0.9987
1788358849.9499 -1.6115 -1.2756 -0.0500 -0.0032 0.0179 0.0452 0.9988
1788358850.0619 -1.6573 -1.2397 -0.0556 -0.0029 0.0233 0.0462 0.9987
1788358850.1496 -1.6160 -1.2322 -0.0454 -0.0027 0.0244 0.0465 0.9986
1788358850.2526 -1.5710 -1.2883 -0.0493 -0.0026 0.0216 0.0467 0.9987
1788358850.3473 -1.4910 -1.3289 -0.0622 -0.0026 0.0162 0.0467 0.9988
1788358850.4460 -1.5014 -1.3680 -0.0891 -0.0030 0.0130 0.0473 0.9988
1788358850.5532 -1.6200 -1.4685 -0.0614 -0.0028 0.0151 0.0486 0.9987
1788358850.6441 -1.6463 -1.5596 -0.0589 -0.0027 0.0121 0.0491 0.9987
1788358850.7516 -1.5275 -1.7455 -0.0630 -0.0025 0.0101 0.0486 0.9988
1788358850.8491 -1.4242 -1.9182 -0.0120 -0.0016 0.0190 0.0484 0.9986
1788358850.9538 -1.3385 -2.0184 -0.0064 -0.0014 0.0158 0.0480 0.9987
1788358851.0548 -1.4239 -2.1084 -0.0217 -0.0019 0.0040 0.0488 0.9988
1788358851.1447 -1.4996 -2.1488 -0.0259 -0.0023 0.0025 0.0497 0.9988
1788358851.2513 -1.4362 -2.1921 -0.0943 -0.0029 -0.0013 0.0490 0.9988
1788358851.3534 -1.3890 -2.1718 -0.0818 -0.0022 0.0037 0.0487 0.9988
1788358851.4510 -1.2369 -2.1694 -0.0358 -0.0015 0.0044 0.0474 0.9989
1788358851.5552 -1.1538 -2.1520 -0.0111 -0.0014 0.0082 0.0463 0.9989
1788358851.6444 -1.1561 -1.9816 -0.0628 -0.0019 0.0035 0.0463 0.9989
1788358851.7595 -1.3049 -1.8242 -0.0625 -0.0016 0.0078 0.0486 0.9988
1788358851.8536 -1.4718 -1.6592 -0.0267 -0.0011 0.0097 0.0506 0.9987
1788358851.9686 -1.4290 -1.5611 -0.0132 -0.0010 0.0013 0.0497 0.9988
1788358852.0715 -1.2212 -1.4817 -0.0732 -0.0018 -0.0063 0.0465 0.9989
1788358852.1638 -1.1267 -1.3624 -0.1370 -0.0027 -0.0074 0.0449 0.9990
1788358852.2462 -1.1853 -1.2518 -0.1321 -0.0027 -0.0112 0.0453 0.9989
1788358852.3526 -1.2121 -1.1509 -0.1137 -0.0026 -0.0111 0.0455 0.9989
1788358852.4641 -1.0966 -0.9009 -0.0972 -0.0021 -0.0101 0.0445 0.9990
1788358852.5437 -1.0347 -0.7690 -0.0938 -0.0019 -0.0031 0.0433 0.9991
1788358852.6526 -0.9839 -0.6586 -0.1006 -0.0019 0.0013 0.0423 0.9991
1788358852.7552 -0.9602 -0.5198 -0.1444 -0.0027 -0.0093 0.0415 0.9991
1788358852.8496 -0.9301 -0.3787 -0.1873 -0.0034 -0.0189 0.0406 0.9990
1788358852.9559 -0.9102 -0.2378 -0.1887 -0.0034 -0.0240 0.0398 0.9989
1788358853.0585 -0.8684 -0.1675 -0.1333 -0.0026 -0.0141 0.0390 0.9991
1788358853.1464 -0.8338 -0.0985 -0.1054 -0.0022 -0.0039 0.0382 0.9993
1788358853.2532 -0.8535 0.0268 -0.0876 -0.0016 -0.0043 0.0375 0.9993
1788358853.3643 -0.7200 0.1319 -0.0887 -0.0017 -0.0023 0.0355 0.9994
1788358853.4413 -0.5857 0.2678 -0.1564 -0.0035 -0.0109 0.0331 0.9994
1788358853.5462 -0.5576 0.3063 -0.1593 -0.0033 -0.0111 0.0320 0.9994
1788358853.6477 -0.5531 0.2990 -0.1353 -0.0026 -0.0100 0.0312 0.9995
1788358853.7612 -0.4945 0.3476 -0.1335 -0.0030 -0.0094 0.0300 0.9995
1788358853.8531 -0.4212 0.3621 -0.1736 -0.0038 -0.0238 0.0283 0.9993
1788358853.9533 -0.3804 0.4887 -0.1948 -0.0038 -0.0315 0.0270 0.9991
1788358854.0608 -0.3343 0.5690 -0.1757 -0.0038 -0.0238 0.0257 0.9994
1788358854.1535 -0.3277 0.6962 -0.1195 -0.0031 -0.0030 0.0248 0.9997
1788358854.2477 -0.3007 0.8617 -0.1226 -0.0030 0.0079 0.0236 0.9997
1788358854.3521 -0.2395 0.8845 -0.1768 -0.0041 0.0019 0.0220 0.9997
1788358854.4601 -0.2095 0.8976 -0.1807 -0.0042 -0.0103 0.0206 0.9997
1788358854.5531 -0.1843 0.8411 -0.2024 -0.0045 -0.0182 0.0193 0.9996
1788358854.6631 -0.1838 0.7999 -0.1775 -0.0046 -0.0123 0.0185 0.9997
1788358854.7508 -0.1449 0.8664 -0.1322 -0.0040 -0.0071 0.0171 0.9998
1788358854.8426 -0.1210 0.8617 -0.1375 -0.0038 -0.0119 0.0162 0.9998
1788358854.9754 -0.1394 0.8751 -0.1622 -0.0045 -0.0177 0.0157 0.9997
1788358855.0479 -0.0880 0.8391 -0.1392 -0.0041 -0.0166 0.0141 0.9998
1788358855.1463 -0.0654 0.7891 -0.1525 -0.0044 -0.0119 0.0130 0.9998
1788358855.2486 -0.0794 0.7307 -0.1473 -0.0047 -0.0070 0.0123 0.9999
1788358855.3552 -0.0256 0.6688 -0.1293 -0.0042 -0.0060 0.0113 0.9999
1788358855.4481 0.0219 0.6023 -0.1338 -0.0040 -0.0053 0.0102 0.9999
1788358855.5422 0.0185 0.5412 -0.1351 -0.0043 -0.0088 0.0095 0.9999
1788358855.6505 0.0253 0.4606 -0.1431 -0.0044 -0.0185 0.0085 0.9998
1788358855.7531 0.0337 0.3591 -0.1465 -0.0044 -0.0241 0.0070 0.9997
1788358855.8653 0.0720 0.3958 -0.1459 -0.0045 -0.0176 0.0056 0.9998
1788358855.9612 0.1000 0.3802 -0.1222 -0.0043 -0.0108 0.0049 0.9999
1788358856.0689 0.0993 0.5220 -0.1162 -0.0042 -0.0192 0.0046 0.9998
1788358856.1493 0.0946 0.6105 -0.1405 -0.0046 -0.0263 0.0038 0.9996
1788358856.2694 0.1375 0.7033 -0.1325 -0.0042 -0.0224 0.0024 0.9997
1788358856.3498 0.1284 0.9646 -0.1371 -0.0043 -0.0172 0.0022 0.9998
1788358856.4554 0.1200 1.2278 -0.1083 -0.0044 -0.0163 0.0018 0.9999
1788358856.5446 0.1225 1.5003 -0.0809 -0.0037 -0.0146 0.0015 0.9999
1788358856.6444 0.1652 1.5820 -0.0461 -0.0031 -0.0191 0.0005 0.9998
1788358856.7586 0.1993 1.3922 -0.0471 -0.0031 -0.0165 -0.0006 0.9999
1788358856.8449 0.2203 1.2041 -0.0529 -0.0034 -0.0170 -0.0018 0.9998
1788358856.9512 0.1989 1.0011 -0.0565 -0.0033 -0.0169 -0.0025 0.9998
1788358857.0656 0.2290 0.8903 -0.0118 -0.0025 -0.0210 -0.0038 0.9998
1788358857.1584 0.2789 0.7848 0.0159 -0.0019 -0.0257 -0.0049 0.9997
1788358857.2485 0.3272 0.7194 0.0044 -0.0020 -0.0225 -0.0061 0.9997
1788358857.3511 0.3485 0.6478 -0.0506 -0.0026 -0.0134 -0.0069 0.9999
1788358857.4439 0.3468 0.5791 -0.0693 -0.0026 0.0002 -0.0073 1.0000
1788358857.5467 0.3441 0.4849 -0.0848 -0.0024 0.0129 -0.0081 0.9999
1788358857.6440 0.4307 0.3946 -0.0566 -0.0021 0.0068 -0.0098 0.9999
1788358857.7524 0.4681 0.3205 -0.0397 -0.0017 -0.0072 -0.0109 0.9999
1788358857.8432 0.5189 0.2061 0.0241 -0.0009 -0.0233 -0.0119 0.9997
1788358857.9464 0.5680 0.0699 0.0383 -0.0008 -0.0290 -0.0128 0.9995
1788358858.0589 0.6833 -0.2046 0.0724 -0.0006 -0.0235 -0.0141 0.9996
1788358858.1474 0.6574 -0.5174 0.0125 -0.0008 -0.0060 -0.0146 0.9999
1788358858.2477 0.6581 -0.8321 -0.0363 -0.0010 0.0073 -0.0155 0.9999
1788358858.3626 0.8574 -1.1626 -0.0266 -0.0008 0.0169 -0.0180 0.9997
1788358858.4397 1.0539 -1.5020 0.0283 -0.0004 0.0073 -0.0201 0.9998
1788358858.5497 1.0971 -1.7154 0.1079 0.0006 -0.0149 -0.0210 0.9997
1788358858.6483 1.1817 -2.0049 0.1576 0.0011 -0.0369 -0.0223 0.9991
1788358858.7419 1.2454 -2.2805 0.1847 0.0018 -0.0478 -0.0238 0.9986
1788358858.8533 1.2473 -2.4494 0.1360 0.0019 -0.0390 -0.0250 0.9989
1788358858.9452 1.2488 -2.6012 0.1349 0.0018 -0.0256 -0.0261 0.9993
1788358859.0492 1.2607 -2.6767 0.1138 0.0011 -0.0128 -0.0272 0.9995
1788358859.1484 1.3320 -2.6492 0.0778 0.0012 -0.0091 -0.0287 0.9995
1788358859.2518 1.3503 -2.5826 0.1076 0.0017 -0.0225 -0.0295 0.9993
1788358859.3503 1.2774 -2.5388 0.2111 0.0030 -0.0448 -0.0303 0.9985
1788358859.4633 1.4691 -2.6439 0.2683 0.0039 -0.0654 -0.0332 0.9973
1788358859.5489 1.5997 -2.6849 0.3593 0.0049 -0.0855 -0.0353 0.9957
1788358859.6522 1.5766 -2.7904 0.3548 0.0046 -0.0879 -0.0361 0.9955
1788358859.7555 1.4423 -2.9380 0.3324 0.0044 -0.0760 -0.0361 0.9964
1788358859.8473 1.3759 -3.0336 0.3586 0.0052 -0.0679 -0.0366 0.9970
1788358859.9633 1.4294 -3.1758 0.2323 0.0040 -0.0448 -0.0384 0.9982
1788358860.0618 1.5453 -3.3367 0.1377 0.0024 -0.0395 -0.0406 0.9984
1788358860.1507 1.5493 -3.4786 0.2228 0.0034 -0.0714 -0.0410 0.9966
1788358860.2491 1.5028 -3.6683 0.4184 0.0061 -0.0948 -0.0415 0.9946
1788358860.3587 1.4924 -3.7826 0.4369 0.0065 -0.0867 -0.0430 0.9953
1788358860.4610 1.4981 -3.8688 0.3570 0.0057 -0.0736 -0.0443 0.9963
1788358860.5514 1.4610 -4.0982 0.2833 0.0052 -0.0577 -0.0446 0.9973
1788358860.6591 1.4843 -4.2376 0.2577 0.0052 -0.0586 -0.0455 0.9972
1788358860.7443 1.5429 -4.5012 0.2857 0.0049 -0.0674 -0.0467 0.9966
1788358860.8445 1.5783 -4.7085 0.2430 0.0051 -0.0660 -0.0482 0.9966
1788358860.9448 1.6047 -4.9333 0.2818 0.0063 -0.0644 -0.0495 0.9967
1788358861.0527 1.4763 -5.1692 0.3124 0.0061 -0.0616 -0.0495 0.9969
1788358861.1596 1.3623 -5.3604 0.4355 0.0075 -0.0798 -0.0489 0.9956
1788358861.2554 1.3781 -5.6213 0.3612 0.0077 -0.0828 -0.0497 0.9953
1788358861.3444 1.4868 -5.7379 0.2674 0.0062 -0.0768 -0.0516 0.9957
1788358861.4477 1.5457 -5.8456 0.1947 0.0053 -0.0648 -0.0527 0.9965
1788358861.5567 1.5275 -5.9674 0.1970 0.0063 -0.0589 -0.0533 0.9968
1788358861.6591 1.4334 -6.0531 0.3042 0.0075 -0.0581 -0.0532 0.9969
1788358861.7531 1.3922 -6.1254 0.3013 0.0073 -0.0617 -0.0536 0.9966
1788358861.8611 1.3304 -6.1765 0.2862 0.0074 -0.0702 -0.0536 0.9961
1788358861.9526 1.3623 -6.2244 0.2958 0.0078 -0.0625 -0.0547 0.9965
1788358862.0558 1.4389 -6.2308 0.3163 0.0082 -0.0529 -0.0560 0.9970
1788358862.1538 1.4792 -6.2396 0.3051 0.0077 -0.0486 -0.0566 0.9972
1788358862.2752 1.3739 -6.3011 0.2582 0.0079 -0.0483 -0.0560 0.9972
1788358862.3685 1.2893 -6.3522 0.2295 0.0076 -0.0469 -0.0551 0.9974
1788358862.4668 1.3239 -6.4736 0.2377 0.0073 -0.0513 -0.0559 0.9971
1788358862.5554 1.3118 -6.5408 0.2495 0.0078 -0.0429 -0.0560 0.9975
1788358862.6498 1.2400 -6.5878 0.2310 0.0082 -0.0313 -0.0558 0.9979
1788358862.7611 1.2031 -6.6363 0.1703 0.0071 -0.0315 -0.0555 0.9979
1788358862.8472 1.2289 -6.5973 0.1978 0.0078 -0.0368 -0.0558 0.9977
1788358862.9691 1.2217 -6.5814 0.2542 0.0095 -0.0367 -0.0558 0.9977
1788358863.0526 1.0899 -6.7181 0.2414 0.0090 -0.0347 -0.0544 0.9979
1788358863.1549 1.0126 -6.9333 0.1269 0.0064 -0.0277 -0.0532 0.9982
1788358863.2484 1.0741 -6.9860 0.1560 0.0078 -0.0263 -0.0533 0.9982
1788358863.3601 1.0465 -7.0146 0.1841 0.0084 -0.0245 -0.0527 0.9983
1788358863.4534 1.0376 -6.9853 0.1925 0.0080 -0.0175 -0.0530 0.9984
1788358863.5453 1.0115 -6.8233 0.2036 0.0087 -0.0194 -0.0530 0.9984
1788358863.6631 0.9860 -6.6122 0.1970 0.0088 -0.0240 -0.0523 0.9983
1788358863.7460 0.9971 -6.3263 0.2303 0.0089 -0.0185 -0.0522 0.9984
1788358863.8518 0.9734 -6.0109 0.2106 0.0091 -0.0140 -0.0516 0.9985
1788358863.9568 0.8697 -5.7847 0.1915 0.0091 -0.0191 -0.0505 0.9985
1788358864.0631 0.8232 -5.5703 0.2431 0.0096 -0.0212 -0.0496 0.9985
1788358864.1455 0.8918 -5.3289 0.2361 0.0097 -0.0234 -0.0495 0.9985
1788358864.2502 0.9036 -5.0622 0.2209 0.0095 -0.0240 -0.0491 0.9985
1788358864.3475 0.7911 -4.7297 0.1285 0.0084 -0.0240 -0.0479 0.9985
1788358864.4445 0.7609 -4.5079 0.0627 0.0079 -0.0128 -0.0477 0.9987
1788358864.5503 0.7876 -4.2227 0.1434 0.0089 -0.0127 -0.0479 0.9987
1788358864.6458 0.7692 -3.9598 0.1853 0.0089 -0.0122 -0.0471 0.9988
1788358864.7504 0.7588 -3.7036 0.1828 0.0089 -0.0076 -0.0463 0.9989
