1.000000000000000000e+00 0.000000000000000000e+00 0.000000000000000000e+00 0.000000000000000000e+00 0.000000000000000000e+00 1.000000000000000000e+00 0.000000000000000000e+00 0.000000000000000000e+00 0.000000000000000000e+00 0.000000000000000000e+00 1.000000000000000000e+00 0.000000000000000000e+00
9.999922309042689195e-01 -7.799202521589853427e-04 -3.863917119139503517e-03 4.238336058295376872e-03 7.791289396973190068e-04 9.999996751998883049e-01 -2.062964205035012328e-04 1.052398506914818330e-02 3.864076758895090141e-03 2.032843281187478573e-04 9.999925137651197726e-01 -2.178190704891116644e-02
9.999632387497843222e-01 -1.582579689202418633e-03 -8.427134184831609406e-03 1.239783641582415524e-02 1.585747187581522345e-03 9.999986745475538674e-01 3.692004773915678753e-04 -9.190397226115679108e-02 8.426538725889226242e-03 -3.825502094534075819e-04 9.999644229173547672e-01 -5.038329159847146355e-02
9.999816171625507399e-01 -9.687778515142710795e-04 -5.985549802994511760e-03 2.361316044176019549e-02 9.738190841284935680e-04 9.999991735611406529e-01 8.393768087006894980e-04 -4.744075722943088547e-01 5.984731686642216254e-03 -8.451902212004141091e-04 9.999817341532438730e-01 -2.721462484520530828e-02
9.999977147317368198e-01 -7.578178607813466309e-04 -1.999060627827836147e-03 1.644928613956630342e-02 7.567852286649672227e-04 9.999995798566669869e-01 -5.172645427198529176e-04 -8.747934475623273531e-01 1.999451780245063183e-03 5.157505010772640321e-04 9.999978680947270160e-01 -2.365452429369281975e-03
9.999997320697893155e-01 -4.862154687354066284e-04 -5.472246957349441747e-04 -7.841183812953012033e-04 4.859591723343411338e-04 9.999997722261222410e-01 -4.683923423484357166e-04 -1.076107867453492295e+00 5.474523106937402963e-04 4.681262879917564429e-04 9.999997405768393799e-01 6.213323762691649182e-03
9.999991099674023776e-01 -1.778882029597515324e-04 -1.322278408761612097e-03 -7.545981041467645506e-03 1.781742698452786551e-04 9.999999607494167719e-01 2.162292637769038764e-04 -1.049217133537906355e+00 1.322239892226252959e-03 -2.164646673158238349e-04 9.999991024119547767e-01 4.638468547880549714e-04
9.999988059989125544e-01 2.224385443651922872e-05 -1.545155642720847777e-03 -1.241140693619722200e-02 -2.391899712001341929e-05 9.999994120605452119e-01 -1.084115512969006977e-03 -1.106425929378083817e+00 1.545130619355218615e-03 1.084151177107273720e-03 9.999982185922104971e-01 -1.539742810091700859e-02
9.999995143770372685e-01 5.302949358743784839e-04 8.306822320572962437e-04 -4.692726570115338114e-03 -5.299512521004145138e-04 9.999997739182755474e-01 -4.139022446838273536e-04 -1.471599222984838917e+00 -8.309015345195275900e-04 4.134618225944166323e-04 9.999995693258878493e-01 -1.213914797189060910e-02
9.999984997564166367e-01 4.927045692692471430e-04 1.660640576252842004e-03 -1.013654829196512092e-02 -4.942878350795624045e-04 9.999994236101155121e-01 9.531311415162363031e-04 -1.775910623873045102e+00 -1.660170007007874191e-03 -9.539505460226384119e-04 9.999981669052716571e-01 -1.982641403636336078e-02
9.999968123773408379e-01 3.340237724550898252e-04 -2.502731163501017205e-03 -2.614158210235456581e-02 -3.341320672311071886e-04 9.999999432597047599e-01 -4.285264164215946451e-05 -1.961650954102920785e+00 2.502716707694291071e-03 4.368874778149226445e-05 9.999968672452801410e-01 -2.626551825016116073e-02
9.999934053561897462e-01 6.876935191096100785e-04 -3.565995198378469223e-03 -1.384276649597069794e-02 -6.878137584103556851e-04 9.999997629282225686e-01 -3.249203666307335438e-05 -2.025040589785424228e+00 3.565972008418613181e-03 3.494456294953486418e-05 9.999936412910397365e-01 -2.162901557039725170e-02
9.999967779136300638e-01 1.370292734862667630e-03 -2.136927743006315598e-03 6.064841145785553403e-03 -1.369468622693195605e-03 9.999989873663763795e-01 3.870683573017478282e-04 -2.154830218526152752e+00 2.137455976039337804e-03 -3.841406546410598309e-04 9.999976418561735692e-01 -6.359098466745011224e-03
9.999980394673420037e-01 1.356453503062543748e-03 -1.442600210165778055e-03 3.280723786513041473e-03 -1.356489367750735682e-03 9.999990796826753181e-01 -2.388299537356150060e-05 -2.315446559081363986e+00 1.442566486343074047e-03 2.583982039717395654e-05 9.999989591665764399e-01 -9.255064686659977488e-03
9.999936101142569145e-01 1.188753120766210692e-03 -3.371438368621659278e-03 -4.493372782601824308e-03 -1.190818233173177119e-03 9.999991045652915078e-01 -6.105903297770873045e-04 -2.594778550938541262e+00 3.370709508558693800e-03 6.146011984560184301e-04 9.999941302741610638e-01 -2.932716897680957141e-02
9.999869409930139952e-01 9.704019544307515219e-04 -5.017585423409226704e-03 -1.878873545648349075e-02 -9.696450671470150436e-04 9.999995181471298400e-01 1.532773694070621530e-04 -2.918526791668412113e+00 5.017731746330131477e-03 -1.484100908020267561e-04 9.999874000919045658e-01 -2.932173354404566529e-02
9.999991676796479156e-01 1.254182120302881542e-03 -3.027659502191589781e-04 -1.912429631713641331e-02 -1.254126614986670251e-03 9.999991967563526263e-01 1.834477670165841380e-04 -3.116905720465899865e+00 3.029957839337344642e-04 -1.830679074929925099e-04 9.999999373398461566e-01 -2.131605148955074275e-02
9.999983788086529435e-01 1.662306399627577888e-03 6.921831401865347674e-04 -3.694162260999493685e-03 -1.662468373100725290e-03 9.999985908386895828e-01 2.334942044775201186e-04 -3.151575838544552255e+00 -6.917940258784548938e-04 -2.346445585176899133e-04 9.999997331814428625e-01 -2.149972834911678676e-02
9.999940553384784048e-01 1.826326371846901222e-03 -2.924691383308598500e-03 -6.413286379413143945e-05 -1.825859771334785745e-03 9.999983199621392815e-01 1.622004754752891448e-04 -3.260307703284530234e+00 2.924982700722230690e-03 -1.568594349080111312e-04 9.999957099264566995e-01 -3.907369432319426211e-02
9.999757232406198959e-01 1.517818262154391716e-03 -6.800673284480585057e-03 -1.151213981561802560e-02 -1.513949255069362010e-03 9.999986892243624137e-01 5.740271858842495734e-04 -3.547155809047441100e+00 6.801535639269433442e-03 -5.637173761113708180e-04 9.999767103966309412e-01 -4.025351581616122554e-02
9.999888104532843602e-01 2.218386518997177408e-03 -4.178244784324801515e-03 3.877566478652106491e-03 -2.217362356949634846e-03 9.999975104654073021e-01 2.497341900975092854e-04 -3.736682841541629330e+00 4.178788389400518895e-03 -2.404667129822397062e-04 9.999912399133087382e-01 -2.863171419073432672e-02
9.999909833950336724e-01 2.421999411624686793e-03 -3.488129510738062489e-03 -4.113528834721005834e-03 -2.421676321552900836e-03 9.999970630479910749e-01 9.684619606491769292e-05 -3.925700303116051337e+00 3.488353827698975791e-03 -8.839820219836101711e-05 9.999939117681320155e-01 -2.387764404358379625e-02
9.999931515577104024e-01 1.963386483975458358e-03 -3.137188421589012788e-03 -1.788271002547410504e-02 -1.963717260422867105e-03 9.999980666665638784e-01 -1.023604197967176675e-04 -4.075015395080698433e+00 3.136981383293019343e-03 1.085202698399630617e-04 9.999950737734421002e-01 -1.703014039343687946e-02
9.999910844462746029e-01 2.399640868036475357e-03 -3.474586546360959941e-03 5.106130567759381567e-04 -2.397073532015914828e-03 9.999968510895939078e-01 7.428656531874086718e-04 -4.294313011511492917e+00 3.476358215980076410e-03 -7.345301906837865260e-04 9.999936876795538776e-01 -2.892286300719252787e-02
9.999893030686243245e-01 3.341066002864204274e-03 -3.198597550738372947e-03 2.741486970242210108e-02 -3.338678191557456400e-03 9.999941441703812384e-01 7.515669498451858560e-04 -4.499116840478280643e+00 3.201089855081100822e-03 -7.408798224988797200e-04 9.999946020458452267e-01 -3.677616960358612297e-02
9.999717778899681608e-01 3.758936875905611111e-03 -6.504907158378706727e-03 2.755115018566529558e-02 -3.757633154819551083e-03 9.999929174654288433e-01 2.126312625782255652e-04 -4.590120133083326337e+00 6.505660354642750845e-03 -1.881822068679900317e-04 9.999788202611128440e-01 -4.706660859114782797e-02
9.999574327284107556e-01 4.656654322901671202e-03 -7.965444226337091774e-03 2.777572511895868082e-02 -4.653084337989323201e-03 9.999890654585995575e-01 4.666576693008978407e-04 -4.765781658720341873e+00 7.967530191310490464e-03 -4.295739211824528970e-04 9.999681664577612095e-01 -4.775465450675524942e-02
9.999797581465859064e-01 5.345342006556938474e-03 -3.451176021078660328e-03 2.733843146890948053e-02 -5.344834838230861154e-03 9.999857040748706405e-01 1.561615741958955947e-04 -4.940025187285175257e+00 3.451961420347014493e-03 -1.377124473658736064e-04 9.999940324810114856e-01 -2.511701659727672009e-02
9.999797393532298129e-01 6.226638295036095866e-03 -1.322822206246893235e-03 4.610285668453352470e-02 -6.227046040348654943e-03 9.999805654472595506e-01 -3.043441973935456400e-04 -5.099868789985670503e+00 1.320901456554596839e-03 3.125753059647606294e-04 9.999990787575857576e-01 -2.143890239962645272e-02
9.999675301598709432e-01 6.305518763167786318e-03 -5.017873961636176022e-03 4.218930571612067304e-02 -6.303467270558468956e-03 9.999800428308320832e-01 4.245473073834982658e-04 -5.290767893974966718e+00 5.020450810089218882e-03 -3.929035181153391542e-04 9.999873202698567054e-01 -4.230339271109723881e-02
9.999630901840271813e-01 6.546212182132096769e-03 -5.564654138187148831e-03 3.651013212352097886e-02 -6.543184902656705090e-03 9.999784351824877460e-01 5.620509877616437734e-04 -5.494210640583583327e+00 5.568213442459204500e-03 -5.256196816176259045e-04 9.999843592391880476e-01 -4.834327687987323430e-02
9.999750840751835401e-01 6.770233479315924258e-03 -1.998791501146996493e-03 4.459244320086991342e-02 -6.771127464489601344e-03 9.999769784836728403e-01 -4.408350300305532835e-04 -5.496875921196800796e+00 1.995760929856650514e-03 4.543581182472933885e-04 9.999979052463116025e-01 -2.542154802287621002e-02
9.999711591477391526e-01 7.203583040149585427e-03 -2.406088965655083043e-03 6.656228384575965662e-02 -7.204725152633545925e-03 9.999739368888198587e-01 -4.663459547594530383e-04 -5.590397464945031203e+00 2.402666893680314563e-03 4.836677146349986005e-04 9.999969966241597508e-01 -9.530387678981819960e-03
9.999292090511505693e-01 7.336809989856074403e-03 -9.367395876820215975e-03 6.799364074273858694e-02 -7.333212052506583693e-03 9.999730241150937005e-01 4.183815329757803762e-04 -5.848706952564885597e+00 9.370212768837879805e-03 -3.496588150055815556e-04 9.999560374593373657e-01 -3.004487832388480495e-02
9.999465102044827747e-01 8.103443842322154839e-03 -6.427357759652649674e-03 7.904827109821321862e-02 -8.100104116778954894e-03 9.999670448433939374e-01 5.454727006501121182e-04 -6.094400837755142852e+00 6.431566152468355321e-03 -4.933812563779206139e-04 9.999791955494685691e-01 -4.030361492469296258e-02
9.999251883838844446e-01 1.036500493114483890e-02 -6.494944821205517541e-03 1.194536784364979426e-01 -1.036125302190768135e-02 9.999461340765840589e-01 6.110491879659150872e-04 -6.281769274976981343e+00 6.500928492851627133e-03 -5.437077077327978668e-04 9.999787209289302536e-01 -4.225859397672657863e-02
9.999291783392477706e-01 1.097590906776891272e-02 -4.600839698674584997e-03 1.084597633562484065e-01 -1.097465435457080536e-02 9.999397323007855887e-01 2.978725078757994368e-04 -6.288017984456035769e+00 4.603831838211724058e-03 -2.473587866163579735e-04 9.999893717165379003e-01 -3.512632710668484037e-02
9.999161942728288510e-01 1.140492104338064472e-02 -6.126353477940203220e-03 1.051800251619010862e-01 -1.140574616357334370e-02 9.999349473851415482e-01 -9.976134740838379466e-05 -6.383147725314519683e+00 6.124817172336541153e-03 1.696286195138313306e-04 9.999812287441883774e-01 -3.991801115601266436e-02
9.999125596058756615e-01 1.286156511140562272e-02 -3.074619539279395235e-03 1.202491161241412559e-01 -1.286250841370869050e-02 9.999172332642317640e-01 -2.872255405271624193e-04 -6.543885496706103311e+00 3.070670893065251261e-03 3.267477451056304688e-04 9.999952320967223640e-01 -2.780889070457871065e-02
9.998891019660869350e-01 1.443205667771634004e-02 -3.674167865425015389e-03 1.363136118617833681e-01 -1.443106852217383371e-02 9.998958230980561357e-01 2.953174039016432696e-04 -6.744812887717508865e+00 3.678047139510598647e-03 -2.422624855542527351e-04 9.999932066159887833e-01 -3.381066994220231769e-02
9.998661393439634004e-01 1.545499795584617808e-02 -5.370887411101885577e-03 1.384759240388819257e-01 -1.545424840299941538e-02 9.998805595833515358e-01 1.810347540304995534e-04 -6.924178611537909589e+00 5.373043801825210485e-03 -9.800749240384865101e-05 9.999855602931649878e-01 -3.302038968952699521e-02
9.998558133328151465e-01 1.569696545306033600e-02 -6.477485634106321111e-03 1.310055241044687235e-01 -1.569913360852620912e-02 9.998767206726570933e-01 -2.840085118614162985e-04 -7.096764236146452909e+00 6.472229022235410911e-03 3.856584740377830799e-04 9.999789805386036790e-01 -4.304793430287651157e-02
9.998547986097545692e-01 1.620713874360889262e-02 -5.264062194962746376e-03 1.333513349737224518e-01 -1.620977273321112799e-02 9.998685080655201896e-01 -4.580903496729888877e-04 -7.273679655840301628e+00 5.255945679387250165e-03 5.433530861511930588e-04 9.999860398037759834e-01 -4.462532170025249739e-02
9.998307071389946898e-01 1.777055453536080867e-02 -4.771210899096245059e-03 1.795789363849626674e-01 -1.777000741477157905e-02 9.998420886190544365e-01 1.570425608009029539e-04 -7.451172014260407650e+00 4.773248203985471644e-03 -7.223152156210613283e-05 9.999886053771764871e-01 -2.143155334849560292e-02
9.997920061134996095e-01 1.952073377670543106e-02 -5.906391822683392315e-03 2.216679871923318834e-01 -1.951941324714185147e-02 9.998094385753112379e-01 2.811444613658954021e-04 -7.448593837040855092e+00 5.910754438426011476e-03 -1.657966822502113323e-04 9.999825175938971134e-01 1.459400204527195981e-04
9.997685194922335539e-01 2.008614274963971269e-02 -7.710661563611991877e-03 2.025244559984464843e-01 -2.008414721490792837e-02 9.997982366610688176e-01 3.361548264505974859e-04 -7.473176794929575983e+00 7.715857888619615836e-03 -1.812149511927672006e-04 9.999702159055459116e-01 -2.893256069401744374e-02
9.997468909323697916e-01 2.049321522642767388e-02 -9.283436903628601577e-03 1.969711639161024486e-01 -2.049186623902471763e-02 9.997899907568121858e-01 2.404174190762907990e-04 -7.506899033269676558e+00 9.286414221983601419e-03 -5.012161997992322466e-05 9.999568790696531373e-01 -4.122552630666555251e-02
9.997642747672956798e-01 2.141734964890063334e-02 -3.562587969431840230e-03 2.084510689027964103e-01 -2.141695796041480707e-02 9.997706196868686446e-01 1.480630150001678103e-04 -7.678057769273886279e+00 3.564941899250183288e-03 -7.172831603990072647e-05 9.999936430019461531e-01 -3.420435728542850495e-02
9.996806345361420876e-01 2.293384450340583275e-02 -1.061450468509345275e-02 2.506342153783219784e-01 -2.293383129001282106e-02 9.997369775387439095e-01 1.229799102605543806e-04 -7.855995357462447259e+00 1.061453323408512346e-02 1.204906249505150644e-04 9.999436569958488619e-01 -4.990501503654905940e-02
9.996360882930807046e-01 2.441363436792081190e-02 -1.147455615950928459e-02 2.459298634219580226e-01 -2.441261577369803135e-02 9.997019414901984202e-01 2.288488882973180555e-04 -8.020883592004638629e+00 1.147672310348414257e-02 5.135832318806905848e-05 9.999341389257236923e-01 -2.500476163954572228e-02
9.996386721938181896e-01 2.490538561445863885e-02 -1.011171706364107081e-02 1.641891140778441172e-01 -2.490088525637799977e-02 9.996897619619053987e-01 5.707381164810245832e-04 -8.139525669977166089e+00 1.012279447725330725e-02 -3.187411865828064322e-04 9.999487124028048068e-01 -3.328485526164525615e-02
