1788354623.1100 0.0000 0.0000 0.0000 0.0000 0.0000 0.0000 1.0000
1788354623.2101 0.0103 0.0109 -0.0122 0.0000 -0.0021 -0.0005 1.0000
1788354623.3010 0.0062 0.0116 -0.0048 0.0000 -0.0009 -0.0003 1.0000
1788354623.3937 0.0059 0.0116 -0.0164 -0.0000 -0.0014 -0.0003 1.0000
1788354623.4932 -0.0011 0.0037 -0.0117 -0.0000 -0.0006 -0.0001 1.0000
1788354623.5926 0.0058 0.0040 -0.0148 0.0000 -0.0019 -0.0005 1.0000
1788354623.6942 0.0041 0.0061 -0.0061 0.0000 -0.0009 -0.0002 1.0000
1788354623.7942 0.0054 0.0069 -0.0108 0.0001 -0.0017 -0.0004 1.0000
1788354623.8960 0.0019 0.0047 -0.0047 0.0000 -0.0009 -0.0001 1.0000
1788354624.0003 -0.0006 0.0065 -0.0180 -0.0000 -0.0019 -0.0003 1.0000
1788354624.0967 -0.0004 0.0040 -0.0106 -0.0001 -0.0008 -0.0001 1.0000
1788354624.1968 -0.0007 0.0095 -0.0067 0.0000 -0.0009 -0.0002 1.0000
1788354624.3055 0.0003 0.0059 -0.0030 0.0000 -0.0004 -0.0001 1.0000
1788354624.4053 0.0009 0.0075 -0.0138 0.0000 -0.0017 -0.0003 1.0000
1788354624.5056 -0.0008 0.0057 -0.0109 0.0000 -0.0012 -0.0002 1.0000
1788354624.6019 0.0030 0.0088 -0.0157 -0.0000 -0.0014 -0.0004 1.0000
1788354624.7097 0.0014 0.0056 -0.0099 -0.0000 -0.0008 -0.0002 1.0000
1788354624.8031 -0.0015 0.0086 -0.0091 0.0000 -0.0011 -0.0002 1.0000
1788354624.8956 -0.0015 0.0075 -0.0033 0.0000 -0.0005 -0.0001 1.0000
1788354624.9969 -0.0001 0.0105 -0.0086 0.0000 -0.0012 -0.0003 1.0000
1788354625.0961 0.0001 0.0071 -0.0124 -0.0000 -0.0011 -0.0002 1.0000
1788354625.1985 0.0094 0.0204 -0.0239 -0.0000 -0.0022 -0.0006 1.0000
1788354625.3001 0.0054 0.0185 -0.0136 0.0001 -0.0017 -0.0004 1.0000
1788354625.4007 0.0054 0.0139 -0.0136 0.0001 -0.0019 -0.0005 1.0000
1788354625.4933 -0.0001 0.0046 -0.0050 0.0001 -0.0008 -0.0002 1.0000
1788354625.5951 0.0030 0.0112 -0.0122 0.0000 -0.0011 -0.0003 1.0000
1788354625.6991 0.0011 0.0077 -0.0100 -0.0000 -0.0010 -0.0002 1.0000
1788354625.7969 0.0035 0.0132 -0.0155 0.0000 -0.0015 -0.0004 1.0000
1788354625.8969 0.0012 0.0077 -0.0090 0.0000 -0.0011 -0.0003 1.0000
1788354625.9968 -0.0007 0.0124 -0.0127 0.0001 -0.0014 -0.0004 1.0000
1788354626.0931 -0.0032 0.0031 -0.0060 0.0000 -0.0007 -0.0001 1.0000
1788354626.1960 0.0037 0.0045 -0.0089 0.0000 -0.0012 -0.0002 1.0000
1788354626.2962 0.0036 0.0014 -0.0022 -0.0000 -0.0004 -0.0001 1.0000
1788354626.3939 0.0032 0.0038 -0.0051 0.0000 -0.0005 -0.0002 1.0000
1788354626.5016 0.0036 0.0067 0.0037 0.0000 0.0003 -0.0000 1.0000
1788354626.5981 0.0006 0.0047 -0.0004 -0.0000 -0.0002 0.0000 1.0000
1788354626.7051 0.0030 -0.0002 0.0043 -0.0000 0.0003 0.0001 1.0000
1788354626.7999 0.0023 0.0027 -0.0018 0.0000 -0.0002 -0.0001 1.0000
1788354626.9112 0.0026 -0.0005 0.0020 0.0000 0.0002 -0.0000 1.0000
1788354627.0018 -0.0017 0.0015 -0.0032 -0.0000 -0.0002 -0.0000 1.0000
1788354627.0936 0.0005 0.0001 -0.0003 -0.0000 0.0001 0.0000 1.0000
1788354627.1922 0.0020 0.0046 -0.0035 -0.0000 -0.0004 -0.0001 1.0000
1788354627.2955 0.0061 0.0036 0.0045 0.0000 0.0001 -0.0000 1.0000
1788354627.3970 0.0025 0.0082 -0.0000 0.0000 -0.0003 -0.0001 1.0000
1788354627.4951 -0.0007 -0.0022 0.0026 0.0000 0.0004 0.0000 1.0000
1788354627.5936 -0.0017 0.0021 -0.0033 -0.0000 -0.0003 -0.0001 1.0000
1788354627.6922 0.0007 0.0018 0.0011 -0.0000 -0.0001 -0.0000 1.0000
1788354627.7927 0.0024 0.0080 -0.0035 -0.0000 -0.0006 -0.0001 1.0000
1788354627.8934 0.0006 0.0013 0.0037 -0.0000 0.0003 0.0001 1.0000
1788354627.9940 0.0017 0.0021 -0.0010 -0.0000 -0.0001 -0.0001 1.0000
1788354628.0948 0.0039 -0.0021 0.0040 0.0000 0.0004 -0.0000 1.0000
1788354628.1929 -0.0003 0.0019 -0.0027 -0.0000 -0.0003 -0.0000 1.0000
1788354628.2973 -0.0009 -0.0003 0.0034 0.0000 -0.0001 0.0001 1.0000
1788354628.3980 0.0011 0.0031 0.0018 0.0000 -0.0002 -0.0000 1.0000
1788354628.4915 0.0031 -0.0036 0.0060 0.0000 0.0006 0.0001 1.0000
1788354628.5937 0.0016 0.0036 -0.0027 0.0000 -0.0001 -0.0001 1.0000
1788354628.7006 0.0017 -0.0051 0.0009 -0.0000 0.0002 0.0000 1.0000
1788354628.7991 -0.0008 0.0020 -0.0031 -0.0000 -0.0004 -0.0001 1.0000
1788354628.9050 0.0002 -0.0010 0.0024 0.0000 -0.0002 -0.0000 1.0000
1788354629.0027 0.0016 0.0074 -0.0016 0.0000 -0.0004 -0.0001 1.0000
1788354629.1111 0.0020 -0.0016 0.0049 0.0000 0.0004 0.0000 1.0000
1788354629.2009 -0.0007 0.0007 -0.0016 -0.0000 -0.0000 -0.0000 1.0000
1788354629.3001 0.0035 -0.0017 0.0025 0.0000 0.0001 -0.0000 1.0000
1788354629.3986 0.0014 0.0033 -0.0028 0.0000 -0.0005 -0.0001 1.0000
1788354629.4968 0.0005 -0.0020 0.0022 -0.0000 0.0000 0.0000 1.0000
1788354629.5922 -0.0002 0.0011 -0.0024 -0.0000 -0.0003 -0.0001 1.0000
1788354629.6969 -0.0012 0.0001 0.0057 0.0000 0.0002 0.0000 1.0000
1788354629.7984 -0.0031 0.0049 0.0009 0.0000 -0.0004 -0.0000 1.0000
1788354629.8991 -0.0037 0.0009 0.0034 0.0000 0.0000 0.0000 1.0000
1788354629.9948 -0.0006 0.0036 -0.0038 -0.0000 -0.0004 -0.0001 1.0000
1788354630.0958 0.0007 0.0006 0.0006 -0.0000 0.0001 -0.0000 1.0000
1788354630.1941 -0.0000 0.0026 -0.0026 -0.0000 -0.0002 -0.0001 1.0000
1788354630.2970 0.0017 0.0034 -0.0004 0.0000 -0.0004 -0.0001 1.0000
1788354630.3949 0.0041 0.0076 -0.0040 0.0000 -0.0009 -0.0002 1.0000
1788354630.4938 0.0053 -0.0008 0.0001 0.0000 -0.0002 -0.0001 1.0000
1788354630.5916 0.0066 0.0053 -0.0054 0.0000 -0.0006 -0.0002 1.0000
1788354630.6963 0.0021 0.0032 -0.0002 0.0000 -0.0003 -0.0001 1.0000
1788354630.7977 -0.0016 0.0075 -0.0014 0.0000 -0.0005 -0.0001 1.0000
1788354630.8977 0.0027 0.0021 0.0010 0.0000 -0.0003 -0.0000 1.0000
1788354631.0002 0.0018 0.0032 -0.0029 0.0000 -0.0005 -0.0001 1.0000
1788354631.1152 0.0020 0.0003 -0.0021 -0.0000 -0.0002 -0.0001 1.0000
1788354631.2087 -0.0012 0.0087 -0.0031 0.0000 -0.0004 -0.0001 1.0000
1788354631.3133 0.0021 0.0054 -0.0008 0.0000 -0.0002 -0.0001 1.0000
1788354631.4132 0.0027 0.0054 -0.0037 0.0000 -0.0005 -0.0001 1.0000
1788354631.4962 0.0057 0.0022 -0.0010 0.0000 -0.0004 -0.0001 1.0000
1788354631.5898 -0.0001 0.0059 -0.0022 0.0000 -0.0004 -0.0001 1.0000
1788354631.6922 0.0015 0.0001 -0.0005 0.0000 -0.0001 -0.0001 1.0000
1788354631.7934 0.0002 0.0045 -0.0045 -0.0000 -0.0004 -0.0001 1.0000
1788354631.8944 0.0031 0.0030 -0.0015 -0.0000 -0.0002 -0.0001 1.0000
1788354631.9968 0.0019 0.0069 -0.0037 0.0000 -0.0006 -0.0001 1.0000
1788354632.0975 0.0032 0.0030 -0.0009 0.0000 -0.0003 -0.0001 1.0000
1788354632.1956 -0.0007 0.0038 -0.0039 -0.0000 -0.0003 -0.0001 1.0000
1788354632.3012 0.0033 0.0030 -0.0018 0.0000 -0.0002 -0.0001 1.0000
1788354632.3964 0.0022 0.0087 -0.0031 0.0000 -0.0005 -0.0001 1.0000
1788354632.4953 0.0013 0.0043 -0.0012 0.0000 -0.0002 -0.0001 1.0000
1788354632.5925 0.0013 0.0060 -0.0032 -0.0000 -0.0003 -0.0001 1.0000
1788354632.6930 0.0035 0.0030 -0.0020 -0.0000 -0.0002 -0.0001 1.0000
1788354632.7945 0.0014 0.0084 -0.0047 -0.0000 -0.0004 -0.0001 1.0000
1788354632.8923 0.0025 0.0043 -0.0017 0.0000 -0.0003 -0.0001 1.0000
1788354633.0056 0.0006 0.0049 -0.0024 0.0000 -0.0005 -0.0001 1.0000
1788354633.1059 0.0033 -0.0012 -0.0009 0.0000 -0.0003 -0.0001 1.0000
1788354633.2009 -0.0007 0.0056 -0.0038 -0.0000 -0.0005 -0.0001 1.0000
1788354633.3176 0.0004 0.0040 -0.0019 -0.0000 -0.0002 -0.0001 1.0000
1788354633.4044 -0.0017 0.0073 -0.0020 0.0000 -0.0003 -0.0001 1.0000
1788354633.5187 0.0012 0.0015 0.0007 0.0000 -0.0001 -0.0001 1.0000
1788354633.6021 0.0002 0.0058 -0.0038 0.0000 -0.0005 -0.0001 1.0000
1788354633.6971 0.0044 0.0030 -0.0019 0.0000 -0.0002 -0.0001 1.0000
1788354633.7967 0.0025 0.0044 -0.0026 0.0000 -0.0004 -0.0001 1.0000
1788354633.8932 0.0037 -0.0002 -0.0008 0.0000 -0.0003 -0.0001 1.0000
1788354633.9938 -0.0005 0.0068 -0.0033 -0.0000 -0.0004 -0.0001 1.0000
1788354634.0927 0.0015 0.0028 -0.0026 -0.0000 -0.0003 -0.0000 1.0000
1788354634.1933 0.0019 0.0064 -0.0044 -0.0000 -0.0004 -0.0001 1.0000
1788354634.2946 0.0040 0.0028 -0.0024 -0.0000 -0.0002 -0.0001 1.0000
1788354634.3967 0.0011 0.0055 -0.0037 -0.0000 -0.0004 -0.0001 1.0000
1788354634.4956 0.0040 0.0011 -0.0006 0.0000 -0.0003 -0.0001 1.0000
1788354634.5939 -0.0001 0.0044 -0.0019 0.0000 -0.0003 -0.0001 1.0000
1788354634.6923 0.0027 0.0015 -0.0017 0.0000 -0.0002 -0.0001 1.0000
1788354634.7938 -0.0001 0.0072 -0.0054 -0.0000 -0.0005 -0.0001 1.0000
1788354634.8932 0.0034 0.0049 -0.0033 0.0000 -0.0005 -0.0001 1.0000
1788354634.9920 -0.0016 0.0038 -0.0036 -0.0000 -0.0004 -0.0000 1.0000
1788354635.0951 0.0024 0.0016 -0.0012 0.0000 -0.0002 -0.0001 1.0000
1788354635.1943 0.0003 0.0075 -0.0024 0.0000 -0.0003 -0.0001 1.0000
1788354635.3025 0.0035 0.0040 -0.0023 0.0000 -0.0002 -0.0001 1.0000
1788354635.4052 0.0011 0.0071 -0.0054 -0.0000 -0.0004 -0.0001 1.0000
1788354635.5171 0.0016 0.0021 -0.0018 0.0000 -0.0001 -0.0001 1.0000
1788354635.6068 -0.0025 0.0092 -0.0022 0.0000 -0.0002 -0.0000 1.0000
1788354635.7151 0.0002 0.0073 -0.0017 0.0000 -0.0003 -0.0001 1.0000
1788354635.8051 0.0003 0.0043 0.0003 0.0000 -0.0002 -0.0000 1.0000
1788354635.9012 0.0044 0.0014 0.0018 0.0000 -0.0001 -0.0001 1.0000
1788354635.9967 0.0014 0.0044 0.0010 0.0000 0.0001 -0.0000 1.0000
1788354636.0992 0.0033 0.0037 -0.0005 -0.0000 -0.0001 -0.0000 1.0000
1788354636.1964 0.0027 0.0025 0.0036 0.0000 0.0000 -0.0000 1.0000
1788354636.2986 0.0047 -0.0031 0.0048 0.0000 0.0001 -0.0000 1.0000
1788354636.3936 0.0004 -0.0004 0.0041 0.0000 0.0002 0.0000 1.0000
1788354636.4935 -0.0042 -0.0008 0.0063 0.0000 0.0004 0.0001 1.0000
1788354636.6022 0.0006 0.0005 0.0071 0.0000 0.0004 0.0000 1.0000
1788354636.7050 0.0048 -0.0040 0.0039 0.0000 0.0004 -0.0000 1.0000
1788354636.8025 0.0056 0.0012 0.0032 0.0000 0.0000 -0.0001 1.0000
1788354636.9008 0.0007 0.0004 0.0060 0.0000 0.0001 0.0000 1.0000
1788354637.1019 -0.0013 -0.0016 0.0064 0.0000 0.0003 0.0001 1.0000
1788354637.1965 -0.0020 0.0001 0.0024 0.0000 0.0002 0.0000 1.0000
1788354637.2976 0.0012 -0.0024 0.0014 -0.0000 0.0003 0.0000 1.0000
1788354637.3944 0.0036 0.0000 0.0058 0.0000 0.0005 0.0000 1.0000
1788354637.5020 0.0004 0.0009 0.0074 0.0000 0.0003 0.0000 1.0000
1788354637.6028 -0.0020 0.0007 0.0050 0.0000 0.0001 0.0000 1.0000
1788354637.7173 0.0015 -0.0006 0.0023 0.0000 0.0001 -0.0000 1.0000
1788354637.8077 0.0034 0.0043 0.0016 0.0000 0.0001 -0.0001 1.0000
1788354637.9150 0.0048 0.0024 0.0051 0.0000 0.0001 -0.0001 1.0000
1788354638.0037 0.0013 0.0021 0.0059 0.0000 0.0001 0.0000 1.0000
1788354638.0931 0.0016 0.0025 0.0057 0.0000 0.0002 -0.0000 1.0000
1788354638.1968 0.0013 -0.0007 0.0030 0.0000 0.0001 -0.0000 1.0000
1788354638.2923 0.0027 0.0006 0.0021 0.0000 -0.0000 -0.0000 1.0000
1788354638.3952 -0.0013 0.0036 0.0030 0.0000 0.0001 0.0000 1.0000
1788354638.5003 0.0024 0.0047 0.0039 0.0000 0.0001 -0.0000 1.0000
1788354638.5952 0.0021 0.0038 0.0062 0.0000 0.0002 0.0000 1.0000
1788354638.6955 0.0063 -0.0006 0.0045 0.0000 -0.0001 -0.0001 1.0000
1788354638.7957 0.0014 -0.0014 0.0041 0.0000 -0.0000 0.0000 1.0000
1788354638.8970 -0.0001 -0.0014 0.0030 0.0000 0.0001 0.0000 1.0000
1788354638.9946 0.0032 -0.0007 0.0019 0.0000 0.0002 -0.0000 1.0000
1788354639.0984 0.0052 0.0002 0.0012 0.0000 -0.0001 -0.0001 1.0000
1788354639.1962 0.0036 0.0017 0.0033 0.0000 0.0001 -0.0000 1.0000
1788354639.3017 0.0026 0.0006 0.0041 0.0000 0.0001 -0.0000 1.0000
1788354639.4055 0.0020 -0.0010 0.0044 0.0000 0.0002 0.0000 1.0000
1788354639.5039 0.0040 -0.0008 0.0007 -0.0000 0.0000 -0.0000 1.0000
1788354639.5999 0.0026 0.0033 0.0022 0.0000 0.0001 0.0000 1.0000
1788354640.0125 0.0016 0.0024 0.0052 0.0000 0.0002 0.0000 1.0000
1788354640.1101 0.0042 0.0019 0.0019 0.0000 -0.0002 -0.0001 1.0000
1788354640.2062 0.0027 -0.0021 0.0042 0.0000 0.0002 0.0000 1.0000
1788354640.2964 0.0008 -0.0007 0.0053 0.0000 0.0002 0.0000 1.0000
1788354640.3997 0.0021 0.0003 0.0084 0.0000 0.0005 0.0000 1.0000
1788354640.5011 0.0053 0.0009 0.0056 0.0000 0.0002 -0.0000 1.0000
1788354640.5974 0.0024 -0.0101 0.0065 -0.0001 0.0008 0.0000 1.0000
1788354640.6981 0.0042 -0.0081 0.0080 -0.0001 0.0008 0.0001 1.0000
1788354640.7943 0.0124 -0.0098 0.0045 -0.0003 0.0012 -0.0001 1.0000
1788354640.8938 0.0050 -0.0095 0.0055 -0.0002 0.0005 -0.0001 1.0000
1788354640.9926 0.0050 -0.0072 -0.0007 -0.0003 0.0007 -0.0001 1.0000
1788354641.0981 0.0027 0.0020 0.0017 -0.0000 0.0003 -0.0001 1.0000
1788354641.1987 0.0007 0.0073 0.0040 0.0001 -0.0003 -0.0000 1.0000
1788354641.2979 0.0016 0.0061 0.0007 0.0001 -0.0004 -0.0000 1.0000
1788354641.3997 0.0022 0.0018 0.0010 0.0000 -0.0001 -0.0001 1.0000
1788354641.4982 -0.0012 0.0059 -0.0031 -0.0000 -0.0004 -0.0001 1.0000
1788354641.6054 0.0008 0.0042 0.0016 -0.0000 0.0001 -0.0000 1.0000
1788354641.7048 0.0050 0.0039 0.0009 0.0000 -0.0002 -0.0001 1.0000
1788354641.8341 0.0028 0.0043 -0.0001 0.0000 -0.0001 -0.0000 1.0000
1788354641.8984 0.0023 0.0034 -0.0015 0.0000 -0.0003 -0.0000 1.0000
1788354641.9953 0.0045 0.0025 0.0014 0.0000 -0.0000 -0.0001 1.0000
1788354642.0938 0.0032 0.0043 -0.0003 0.0000 -0.0002 -0.0001 1.0000
1788354642.1964 0.0027 0.0055 0.0023 0.0000 0.0001 -0.0001 1.0000
1788354642.2994 -0.0009 0.0097 -0.0000 0.0000 -0.0002 -0.0000 1.0000
1788354642.3969 0.0039 0.0009 0.0023 0.0000 -0.0001 -0.0001 1.0000
1788354642.4934 0.0016 -0.0002 0.0050 0.0000 0.0002 0.0000 1.0000
1788354642.5986 -0.0004 0.0071 0.0006 0.0000 -0.0000 -0.0000 1.0000
1788354642.6974 0.0005 0.0106 -0.0038 0.0000 -0.0004 -0.0001 1.0000
1788354642.7955 0.0000 0.0013 0.0012 0.0000 -0.0000 -0.0000 1.0000
1788354642.8930 0.0023 -0.0012 0.0026 0.0000 0.0001 -0.0000 1.0000
1788354642.9959 0.0007 0.0074 -0.0050 -0.0000 -0.0005 -0.0001 1.0000
1788354643.0924 0.0011 0.0142 -0.0066 0.0000 -0.0008 -0.0002 1.0000
1788354643.1943 0.0013 0.0066 -0.0011 0.0000 -0.0002 -0.0001 1.0000
1788354643.2988 0.0014 0.0005 0.0000 0.0000 0.0001 -0.0000 1.0000
1788354643.4008 0.0004 -0.0016 0.0001 -0.0000 0.0000 0.0000 1.0000
1788354643.5021 0.0021 0.0093 -0.0048 -0.0000 -0.0008 -0.0001 1.0000
