1.000000000000000000e+00 0.000000000000000000e+00 0.000000000000000000e+00 0.000000000000000000e+00 0.000000000000000000e+00 1.000000000000000000e+00 0.000000000000000000e+00 0.000000000000000000e+00 0.000000000000000000e+00 0.000000000000000000e+00 1.000000000000000000e+00 0.000000000000000000e+00
9.999903263913911822e-01 9.934422174010632770e-04 -4.284879951611237844e-03 1.032298736555692029e-02 -9.934881328424866303e-04 9.999995064536730816e-01 -8.587203431973140037e-06 1.088489006783801769e-02 4.284869305934057779e-03 1.284409774530854716e-05 9.999908198228922851e-01 -1.218560920513481888e-02
9.999981628739249562e-01 5.200325429485108284e-04 -1.844943069420798467e-03 6.237272801376749984e-03 -5.201872946070945506e-04 9.999998612248029994e-01 -8.339995911510480705e-05 1.162436396317196620e-02 1.844899442695640233e-03 8.435952184285137097e-05 9.999982946133045836e-01 -4.758117856988035299e-03
9.999957715208248610e-01 5.841891960015000102e-04 -2.848800353390315999e-03 5.945370901601061339e-03 -5.840269277886505619e-04 9.999998277863159091e-01 5.779174836933843938e-05 1.156782937284238713e-02 2.848833624102927158e-03 -5.612772787986019889e-05 9.999959404900903293e-01 -1.644061932155456429e-02
9.999991737672722092e-01 1.948883385435222580e-04 -1.270623196884470554e-03 -1.052793091320185573e-03 -1.947870599468733968e-04 9.999999778424999430e-01 7.983107667409457915e-05 3.725013396405261155e-03 1.270638726876534156e-03 -7.958350975822490298e-05 9.999991895715170109e-01 -1.173628678758118632e-02
9.999921161647500334e-01 9.741284778919321848e-04 -3.849504130874545696e-03 5.761909723832127003e-03 -9.741984599597783940e-04 9.999995253356501745e-01 -1.630444587506921168e-05 3.997841253111754888e-03 3.849486421027127278e-03 2.005449832941087979e-05 9.999925904986053382e-01 -1.484459136152132749e-02
9.999983022847245273e-01 4.931748522193739326e-04 -1.775445362136778525e-03 4.050562518988196775e-03 -4.932200791730944559e-04 9.999998780535729326e-01 -2.503582949771093321e-05 6.060061728853976572e-03 1.775432798586047516e-03 2.591147229608136714e-05 9.999984235822441114e-01 -6.098927435504976347e-03
9.999939847973949858e-01 8.238409087649155868e-04 -3.369221747570502832e-03 5.415060682242355677e-03 -8.241955488465677005e-04 9.999996549561287473e-01 -1.038716552119589164e-04 6.940882065376039432e-03 3.369135011322363284e-03 1.066479279703325719e-04 9.999943187616092688e-01 -1.084291560315609956e-02
9.999984933207611837e-01 2.694121030393297422e-04 -1.714868311642619731e-03 1.852203159964115921e-03 -2.695474715365785818e-04 9.999999605746442422e-01 -7.870749982444294663e-05 4.748453525335085898e-03 1.714847039280273724e-03 7.916961965490849408e-05 9.999985265148160218e-01 -4.703037828701938858e-03
9.999924209341178871e-01 5.972858728591699503e-04 -3.847248875230141994e-03 -5.635834675689211769e-04 -5.970619557038380843e-04 9.999998199972739421e-01 5.935015423994252008e-05 6.477779313272629541e-03 3.847283631723536282e-03 -5.705265848368912013e-05 9.999925975494274866e-01 -1.803527893358231743e-02
9.999986101375188952e-01 2.954798611300801878e-04 -1.640857910425397304e-03 -3.648791614567219350e-04 -2.953095710429952262e-04 9.999999509857934177e-01 1.040224403238142089e-04 4.046278265192099557e-03 1.640888566536269789e-03 -1.035377347012569671e-04 9.999986483814113924e-01 -1.063821849825265578e-02
9.999980968226510614e-01 4.679981259218384004e-04 -1.894024506170952603e-03 -6.660051681935379858e-04 -4.681055570552678717e-04 9.999998888549704867e-01 -5.627818481470922357e-05 9.519802380223841079e-03 1.893997957574519372e-03 5.716468110388012039e-05 9.999982047503565008e-01 -6.665200866301797256e-03
9.999996315165203820e-01 2.199511780122551596e-04 -8.298122092654807878e-04 2.522694379770058521e-04 -2.199757713016594707e-04 9.999999753688459947e-01 -2.954602179177100206e-05 5.914870752183002539e-03 8.298056901439497752e-04 2.972854948531879513e-05 9.999996552693055651e-01 -3.004200813876177229e-03
9.999942188369573826e-01 6.723935958299364669e-04 -3.333193591097592234e-03 8.570852489300376589e-04 -6.724526666737459715e-04 9.999997737658781194e-01 -1.660131707544493622e-05 7.507565884475929027e-03 3.333181674396182726e-03 1.884263601939761349e-05 9.999944447570099371e-01 -1.380905385632317378e-02
9.999971989615575874e-01 4.596809279333692122e-04 -2.321801559911238974e-03 -7.577037078109246510e-04 -4.596874757857954919e-04 9.999998943410927099e-01 -2.286508722920270090e-06 5.721911935068930803e-03 2.321800263527771385e-03 3.353805416672557852e-06 9.999973046125115728e-01 -1.089931173734964669e-02
9.999959010850995034e-01 7.659920717014235061e-04 -2.758816620571943098e-03 2.956232700582724256e-03 -7.658768914259237153e-04 9.999997058000691386e-01 4.280610172015468886e-05 8.844645018521212279e-03 2.758848598062822299e-03 -4.069301236420870831e-05 9.999961935420013104e-01 -1.573958252354639917e-02
9.999986988079638817e-01 3.736864670597851343e-04 -1.569312207145562429e-03 1.402874073589546050e-03 -3.736600022169525299e-04 9.999999300419152304e-01 1.715713657202179725e-05 5.625696916419764201e-03 1.569318508749236634e-03 -1.657072504449122767e-05 9.999987684816562528e-01 -9.870499759006121435e-03
9.999973814592483246e-01 4.844437632683236362e-04 -2.236602085033172205e-03 -1.511634768915706044e-03 -4.846573192933966183e-04 9.999998780467045378e-01 -9.494134475964766725e-05 8.639485740591248616e-03 2.236555818529831902e-03 9.602508172272560850e-05 9.999974942954878987e-01 -9.093586566040661248e-03
9.999993780192434345e-01 1.916465679916838118e-04 -1.098741425093309812e-03 -1.472286009884376037e-03 -1.917055617575447461e-04 9.999999801887019535e-01 -5.358706253645198296e-05 7.457561895055789605e-03 1.098731133549192031e-03 5.379766404845408247e-05 9.999993949476707611e-01 -3.342911073861743604e-03
9.999969573492909491e-01 5.541638933643781200e-04 -2.403787540448117360e-03 -1.195080688789534797e-04 -5.543265863668509668e-04 9.999998441154185347e-01 -6.701622468197802971e-05 1.052177601185604223e-02 2.403750027762714073e-03 6.834850411666226343e-05 9.999971086529630959e-01 -8.553479986855896597e-03
9.999973497763684493e-01 4.751262705119257165e-04 -2.252708429102460563e-03 1.048030959323183967e-04 -4.750486382691721031e-04 9.999998865520052238e-01 3.499668431999361734e-05 7.052641592508315099e-03 2.252724801381307453e-03 -3.392644549929119818e-05 9.999974620367620970e-01 -1.239830878564270912e-02
9.999892976019847390e-01 1.148969538259821815e-03 -4.481579017414936104e-03 9.381636370865722302e-03 -1.148911421658358693e-03 9.999993398802724531e-01 1.554234591259787306e-05 2.040353031070611667e-02 4.481593916718222027e-03 -1.039324225205335993e-05 9.999899575535476925e-01 -2.392890961805633349e-02
9.999940378303584509e-01 8.345261944934030847e-04 -3.350801361805961966e-03 5.396177162492372253e-03 -8.348823095883448758e-04 9.999996459857705133e-01 -1.048802304830241715e-04 1.846285897095162332e-02 3.350712650274977143e-03 1.076771299492143184e-04 9.999943805493963778e-01 -1.362761787216173678e-02
9.999924727814206715e-01 1.068786769601648206e-03 -3.729889454238927843e-03 5.376905174206260060e-03 -1.069890780320410925e-03 9.999993844464772907e-01 -2.940074567674057378e-04 1.389649592595949140e-02 3.729572927012377893e-03 2.979958180477192543e-04 9.999930007176422997e-01 -1.359726378321995770e-02
9.999987276265275282e-01 4.436095036078477262e-04 -1.532304125909382921e-03 -9.503619360776583563e-05 -4.438493531995365790e-04 9.999998893008675838e-01 -1.561922027660513838e-04 4.576052526868907601e-03 1.532234667939109127e-03 1.568721162264258479e-04 9.999988138233272261e-01 -5.027411570825096251e-03
9.999976206190201999e-01 5.248836505754194597e-04 -2.117369465046366889e-03 3.027489745319287585e-03 -5.249948393561356839e-04 9.999998608404225831e-01 -5.195723390940858372e-05 1.116990592068667180e-02 2.117341898891518526e-03 5.306871832551406185e-05 9.999977570209817035e-01 -1.215600211637173425e-02
9.999981164132831779e-01 3.459013083225054058e-04 -1.909848729797205104e-03 1.115853428148585146e-03 -3.458528242313748378e-04 9.999999398622395619e-01 2.571655671991946506e-05 7.729830081773031089e-03 1.909857510333794585e-03 -2.505598170349975507e-05 9.999981759065803555e-01 -9.976536194063594445e-03
9.999950158891389718e-01 8.307540202095589155e-04 -3.045988286021125528e-03 3.490142909524285644e-03 -8.309817629626265129e-04 9.999996520332283811e-01 -7.350327762564963301e-05 1.322314491400398626e-02 3.045926162975029321e-03 7.603407199304665343e-05 9.999953582655419781e-01 -1.548786139658306707e-02
9.999974468482621948e-01 6.051331664528028162e-04 -2.177179553439661727e-03 1.228214112902377593e-03 -6.053336686170915967e-04 9.999998126053927239e-01 -9.143483547712387752e-05 7.696264290680919842e-03 2.177123815196437689e-03 9.275252211643653392e-05 9.999976257616129960e-01 -9.021898939926624797e-03
9.999959139425648180e-01 7.189434225523508477e-04 -2.766806558029984327e-03 -6.938399768405278684e-04 -7.194553574831744937e-04 9.999997242572367107e-01 -1.840365156281380580e-04 1.243025593367448958e-02 2.766673483260677878e-03 1.860263574456592775e-04 9.999961554486254123e-01 -1.274745104965199077e-02
9.999990818285813265e-01 1.726211489531406470e-04 -1.344077353895250723e-03 -3.165583066924146805e-03 -1.726832776739266307e-04 9.999999840272617568e-01 -4.610815366300189847e-05 3.053183266915161093e-03 1.344069373184193436e-03 4.634021101073096963e-05 9.999990956646435114e-01 -5.985984243068927582e-03
9.999972095659612759e-01 4.943748010814242927e-04 -2.310076588983124308e-03 3.660217894332621312e-03 -4.944156620776894414e-04 9.999998776300711434e-01 -1.711712017267701469e-05 4.537496054508947073e-03 2.310067844026336085e-03 1.825921045467449958e-05 9.999973316230185150e-01 -8.947609477817709475e-03
9.999997088366633369e-01 1.774843646898428557e-04 -7.421764540007481188e-04 3.581036686054302892e-03 -1.774682077550591302e-04 9.999999840141237106e-01 2.183546741318738893e-05 1.404514089658924318e-03 7.421803175904686254e-04 -2.170374833037031859e-05 9.999997243486237197e-01 -2.165989593298793883e-03
9.999994412818398182e-01 3.665760539997601434e-04 -9.914928162882558071e-04 3.173465216727458342e-03 -3.665787027836120123e-04 9.999999328069255622e-01 -2.489782079143914467e-06 3.835462323835764180e-03 9.914918369723153997e-04 2.853240838471671323e-06 9.999995084677772983e-01 -5.127582545694407516e-03
9.999998398610835393e-01 2.244319671143502865e-05 5.654857294616006183e-04 3.578465604462344185e-03 -2.243785751941863808e-05 9.999999997036377319e-01 -9.448122668548414736e-06 6.657924821479418304e-03 -5.654859413400875959e-04 9.435432867309364612e-06 9.999998400682985622e-01 3.721708525445774352e-03
9.999998901905329252e-01 -7.646201468588369819e-06 -4.685727879979554602e-04 6.396232639529603713e-04 7.652282329930961359e-06 9.999999998865379824e-01 1.297561888533522400e-05 4.671403179777574959e-03 4.685726887305940937e-04 -1.297920311175531381e-05 9.999998901355817704e-01 -3.567146896164708619e-04
9.999997790978321088e-01 -1.217273755859658201e-04 6.534422185298453247e-04 2.956663822328006036e-03 1.216938114435163720e-04 9.999999912740895613e-01 5.140464105550490140e-05 -1.797709673205171929e-04 -6.534484701800157393e-04 -5.132510982597725203e-05 9.999997851853918984e-01 4.290536018476022104e-03
9.999998924976871706e-01 2.153662290866800028e-04 -4.106360938159369831e-04 2.303511733354107315e-03 -2.153685593197145827e-04 9.999999767923404281e-01 -5.630480606267159993e-06 2.653486356336251344e-03 4.106348716706582328e-04 5.718918104907285813e-06 9.999999156731445016e-01 -1.809279596656698449e-03
9.999999503883972851e-01 9.318896848404497116e-05 3.008970242652525703e-04 2.622797195024259391e-03 -9.317036849562717758e-05 9.999999937482560997e-01 -6.182855480527862794e-05 -5.019559265298173881e-04 -3.009027841233665791e-04 6.180051705123488723e-05 9.999999528191041431e-01 1.977370640688919448e-03
9.999998954727291611e-01 6.266633476169105037e-05 -4.529099924962612118e-04 -1.682982434580180837e-03 -6.265713431075359285e-05 9.999999978304230375e-01 2.032824293970288620e-05 1.525815980330320204e-03 4.529112654101152867e-04 -2.029986277261661148e-05 9.999998972296453292e-01 -3.188203993730821285e-03
9.999999785182567269e-01 -5.371726695203704859e-05 2.001947583602488670e-04 5.157648407272275720e-04 5.370796758362408923e-05 9.999999974786148993e-01 4.645669441093241904e-05 1.354565244287707533e-04 -2.001972533821361493e-04 -4.644594135936921920e-05 9.999999788819169400e-01 -2.699635500552563516e-04
9.999995670755584820e-01 2.409928421121481203e-04 -8.987608946517478339e-04 2.018080138546398967e-03 -2.409920707094343872e-04 9.999999709609433962e-01 9.665928633098188551e-07 4.568830973556335662e-03 8.987611014945405107e-04 -7.499981957733547751e-07 9.999995961138784528e-01 -3.494425702831144634e-03
9.999999540794842767e-01 9.942451794244381896e-05 2.862792248813006619e-04 6.140806499329482665e-03 -9.941700166374707560e-05 9.999999947130951972e-01 -2.626917245526679814e-05 3.629206408357999597e-03 -2.862818351675777196e-04 2.624071022679652925e-05 9.999999586770671467e-01 4.486030173706839937e-03
9.999997325220155719e-01 2.268967392620922200e-04 -6.953227790982949470e-04 2.458384159760648377e-03 -2.269281531395314308e-04 9.999999732347886194e-01 -4.510028009442386968e-05 8.212171421034768562e-03 6.953125273813406514e-04 4.525805634518846983e-05 9.999997572460693762e-01 -2.728476301593583953e-05
9.999995970067263595e-01 -6.398636658091940831e-05 8.954842990403911844e-04 -7.356921719781687151e-04 6.399271744315880302e-05 9.999999979275199236e-01 -7.063447368027162531e-06 -2.183649562645571807e-03 -8.954838452201851606e-04 7.120748995228661018e-06 9.999995990289085590e-01 2.571609770191507667e-03
9.999998633891096222e-01 1.218514142332371172e-04 -5.083050216181011008e-04 -1.666522830848067138e-03 -1.218482144458549567e-04 9.999999925564972969e-01 6.325977586589127385e-06 2.050087125575096245e-03 5.083057886638465972e-04 -6.264040663113668741e-06 9.999998707929851349e-01 -3.287569606183917033e-03
9.999999910237394873e-01 5.287652432862138540e-07 -1.339859742210482737e-04 7.443318652579199862e-04 -5.286346725999524802e-07 9.999999999993853805e-01 9.745455213349011636e-07 1.829193398046881705e-03 1.339859747362717171e-04 -9.744746829555111932e-07 9.999999910234044220e-01 1.078750427252495384e-03
9.999993708011420956e-01 1.399704187920045506e-04 -1.113016442776584153e-03 2.429169603686525368e-03 -1.399306767917365014e-04 9.999999895694424712e-01 3.578436309639954028e-05 7.970986173465831326e-03 1.113021439919491089e-03 -3.562859543680109377e-05 9.999993799567464814e-01 -3.535830462534348718e-03
9.999998417889846003e-01 -1.046539806521852589e-04 5.526929980887372281e-04 6.154332351389736958e-04 1.046449502644144754e-04 9.999999943907650346e-01 1.636777877981475296e-05 1.292530570139584917e-03 -5.526947079417561656e-04 -1.630993965895536420e-05 9.999998471312611104e-01 3.659779442278549011e-03
9.999999818992922895e-01 1.121917957946584659e-04 -1.536698280651133000e-04 1.688541811945619463e-03 -1.121915009428366068e-04 9.999999937046761822e-01 1.927354819643293222e-06 2.054897549910348134e-03 1.536700433311103309e-04 -1.910114336096554611e-06 9.999999881909346078e-01 -9.958741943633369481e-04
9.999997507906988048e-01 9.893197182028463420e-06 7.059183132712734373e-04 3.865088350153949269e-03 -9.871764302169367173e-06 9.999999994902520895e-01 -3.036517759712356620e-05 -2.138166609861122912e-03 -7.059186133201224853e-04 3.035820137063367533e-05 9.999997503786143271e-01 3.956783391684174853e-03
9.999997873048170893e-01 8.697362042190819346e-05 -6.463945466824257873e-04 -3.300013648674347821e-04 -8.696756477663159933e-05 9.999999961741747878e-01 9.396443927326633840e-06 1.909769650732408459e-03 6.463953614521807068e-04 -9.340226569138408659e-06 9.999997910428766179e-01 -2.737147025504869588e-03
9.999999566051092081e-01 -1.225335659051934205e-04 -2.679091356359626793e-04 -8.621797724039552760e-04 1.225300440427240110e-04 9.999999924065735568e-01 -1.316210882213030985e-05 -2.664098025564219305e-04 2.679107464017432025e-04 1.312928133277311351e-05 9.999999640257263289e-01 3.392562495570020792e-03
9.999999417132550139e-01 2.276340662015637447e-05 -3.406689213245354063e-04 1.114704750495204609e-03 -2.277177839187063583e-05 9.999999994388646396e-01 -2.457065106564747359e-05 3.134872689381254691e-03 3.406683618216529053e-04 2.457840727068559813e-05 9.999999416704828947e-01 1.790666301768799838e-03
9.999992025423996012e-01 -1.483266180278524759e-04 1.254158594167694221e-03 3.051913862253259960e-03 1.483445215505754203e-04 9.999999888963824191e-01 -1.418231418378232390e-05 -3.641007983760924209e-03 -1.254156476627298154e-03 1.436835043058843581e-05 9.999992134422319712e-01 5.989380195745192502e-03
9.999999783117881069e-01 1.630922498867020320e-04 -1.295273767674007205e-04 1.605438162172724299e-03 -1.630925543269127575e-04 9.999999866976718721e-01 -2.339833779161970334e-06 3.582572058126723066e-03 1.295269934356296641e-04 2.360958679147418950e-06 9.999999916085918761e-01 -2.696302395806980320e-03
9.999999424478343002e-01 -2.871557526917417364e-05 3.380528713835005477e-04 1.675728091270299938e-03 2.868964730588918354e-05 9.999999966468112733e-01 7.670255259618479230e-05 -5.050311971455152468e-03 -3.380550728078678905e-04 -7.669284956413603108e-05 9.999999399184854587e-01 9.247778097679956039e-04
9.999995990265325707e-01 1.345711165140668912e-04 -8.853459147556890039e-04 -8.070913824081565879e-04 -1.345327080126285926e-04 9.999999900068762271e-01 4.344189096928339062e-05 1.951625400645699143e-03 8.853517519320890095e-04 -4.332276556679773679e-05 9.999996071376294760e-01 -3.090908833264743513e-03
9.999999388726252825e-01 1.585234619698526714e-05 -3.492899209783477529e-04 2.449152122276799376e-04 -1.586152284973058865e-05 9.999999995291612986e-01 -2.626955455876756827e-05 -9.949254298872514668e-04 3.492895043798152806e-04 2.627509322304144351e-05 9.999999386532288925e-01 2.364136024641697725e-03
9.999995961981267278e-01 2.556845543397162201e-04 -8.615271279467070012e-04 1.593929493314738457e-03 -2.557313166351506432e-04 9.999999658336246044e-01 -5.416865580936367652e-05 7.374589114233788198e-03 8.615132484228280475e-04 5.438895340270570280e-05 9.999996274183128309e-01 -1.600332514719502580e-03
9.999996990856614421e-01 -1.845210970071152964e-05 7.755566428767721610e-04 1.975656094514243333e-03 1.849949560220087006e-05 9.999999979627629543e-01 -6.109208495904640734e-05 -1.638390430082695137e-03 -7.755555140189259854e-04 6.110641398226621319e-05 9.999996973897796737e-01 4.869633979438670740e-03
9.999999966330598289e-01 8.205901351007597374e-05 -4.456290696235499862e-07 -6.608542554975612576e-04 -8.205901152552887135e-05 9.999999966232511195e-01 4.451554757153910087e-06 6.572603060772744255e-04 4.459943583107306666e-07 -4.451518174284831485e-06 9.999999999899925607e-01 -1.556743930321961150e-03
9.999999930506232593e-01 1.976464846162155021e-05 1.162244043405234154e-04 3.501549637292694379e-03 -1.976423704753593706e-05 9.999999997984182487e-01 -3.540972766293519949e-06 -1.738666403792345737e-03 -1.162244743031766263e-04 3.538675655007871465e-06 9.999999932396747004e-01 2.531089030345518021e-03
9.999994069310946809e-01 1.620080515063804846e-04 -1.076982288678068845e-03 1.376319201316204138e-03 -1.620217513342898539e-04 9.999999867946753884e-01 -1.263333423269840694e-05 3.348474764594619110e-03 1.076980227754305167e-03 1.280782129682833614e-05 9.999994199746061740e-01 -2.828842799806977407e-03
9.999999970007642514e-01 -2.599215250951658626e-05 7.295806624594328952e-05 5.301125549893551548e-04 2.599176995848645990e-05 9.999999996484622011e-01 5.244380341157513268e-06 -1.986883902110578998e-03 -7.295820253302942539e-05 -5.242484016153900626e-06 9.999999973248084872e-01 2.249573191455387505e-03
9.999998544072331574e-01 1.096335391808328470e-04 -5.283616182168694936e-04 -2.444129583837232971e-04 -1.096196111907953979e-04 9.999999936435648440e-01 2.638960231159713044e-05 1.053536768667838464e-03 5.283645080438721881e-04 -2.633167967430484333e-05 9.999998600687848294e-01 -2.388704221155693759e-03
9.999999086852063845e-01 -4.628374014367501749e-05 4.248380801561067147e-04 -1.213526478778132302e-03 4.631683138616345390e-05 9.999999958945792189e-01 -7.788191463110873353e-05 6.321893552520187892e-05 -4.248344737456689608e-04 7.790158467306278406e-05 9.999999067235021410e-01 5.689024493921610200e-03
9.999997323247258318e-01 9.605241779060978745e-05 -7.253443386950752950e-04 -3.067048967685400730e-03 -9.611014152489431536e-05 9.999999922175808464e-01 -7.954670963588972396e-05 4.888156312855528214e-03 7.253366923963537214e-04 7.961640129024867530e-05 9.999997337739202630e-01 9.481246052046050227e-04
9.999999942616244475e-01 -6.820090233244462108e-05 8.261590687236385988e-05 -3.654664408912548096e-03 6.820460574626795072e-05 9.999999966694301801e-01 -4.482489786466365702e-05 9.210657743479681164e-04 -8.261284949872447169e-05 4.483053239279815769e-05 9.999999955826702758e-01 3.381922373366362446e-03
9.999996470542629190e-01 1.061926201412131639e-04 -8.334353466383853052e-04 -6.407271524016791737e-04 -1.061623205519676239e-04 9.999999937023295038e-01 3.639921217673908421e-05 3.645170564298581915e-03 8.334392067173962936e-04 -3.631071989936315414e-05 9.999996520302496528e-01 -3.842084762545071308e-03
9.999999629127761525e-01 3.385662132883361408e-05 2.702372578346278289e-04 7.110208569458388670e-04 -3.386288470671316449e-05 9.999999991581635106e-01 2.317278731691221089e-05 6.370037671352404493e-04 -2.702364730548469552e-04 -2.318193747060337428e-05 9.999999632174225717e-01 6.451335029414011907e-04
9.999999196953649472e-01 1.523676597409934035e-04 -3.706661030378223792e-04 -3.176369869880256436e-05 -1.523643944270267590e-04 9.999999883534945733e-01 8.837535874164520895e-06 2.552759027756397372e-03 3.706674452755166337e-04 -8.781058848145445185e-06 9.999999312642666727e-01 -2.600859715612628686e-03
9.999997151263311235e-01 1.634974054852257152e-04 -7.368960950700487438e-04 1.712841919071942786e-03 -1.635266165632340545e-04 9.999999858462098601e-01 -3.958062457408777180e-05 3.431569786485314140e-03 7.368896133107506134e-04 3.970111542379549927e-05 9.999997277087225855e-01 -4.141518080095175566e-04
9.999982664783352293e-01 4.414143767038460672e-04 -1.808920582125297504e-03 4.096382042952718613e-03 -4.415397225766691958e-04 9.999999001481113536e-01 -6.889441772009558223e-05 7.618427069532605900e-03 1.808889990514704702e-03 6.969300858212471462e-05 9.999983615286011096e-01 -4.024254560166741664e-03
9.999999263464013355e-01 2.372252985834486080e-04 -3.017140195688980614e-04 5.275856980085240171e-03 -2.372306045986916176e-04 9.999999717068084326e-01 -1.755057396291906244e-05 -8.155925376886700301e-04 3.017098475922968528e-04 1.762214846953436405e-05 9.999999543303128569e-01 1.226891668504506011e-04
9.999990384840424795e-01 4.849587143847550880e-04 -1.299171288147149160e-03 6.639941532536370802e-03 -4.849859228058593479e-04 9.999998821815643257e-01 -2.062794700121564954e-05 5.278801772800115200e-03 1.299161131378162104e-03 2.125800695318036013e-05 9.999991558638696709e-01 -5.396870960703211220e-03
9.999998383954015191e-01 1.824108988346810655e-04 -5.384565301073055820e-04 2.075944991022138190e-03 -1.824312689401610640e-04 9.999999826456884566e-01 -3.778167451989331217e-05 3.217855743602960825e-03 5.384496289735545352e-04 3.787989972225756758e-05 9.999998543185445454e-01 -2.134864019578512628e-04
9.999994669433095451e-01 1.622350184620455530e-04 -1.019702356341035607e-03 -1.644870886374885915e-03 -1.622743931321131113e-04 9.999999860911812366e-01 -3.853126833505548393e-05 7.494162934529677994e-03 1.019696091037150532e-03 3.869671937675573888e-05 9.999994793610873511e-01 -1.378440643410199992e-03
9.999998216376255744e-01 8.584031264585118893e-05 -5.910635817574909920e-04 2.705037935433116797e-03 -8.586121928046461889e-05 9.999999956892582365e-01 -3.534592704190034519e-05 2.053406638904122991e-03 5.910605451041405596e-04 3.539667017731885028e-05 9.999998246972384708e-01 1.025446446453741767e-03
9.999995148377963661e-01 1.864546734373403851e-04 -9.672428995308086658e-04 1.766190450241863705e-03 -1.864575004903271137e-04 9.999999826127882185e-01 -2.832621240343890467e-06 3.234685133652133796e-03 9.672423545576832281e-04 3.012969559476658898e-06 9.999995322164654254e-01 -2.935428582861767440e-03
9.999999028030377435e-01 1.192350325403028017e-04 -4.244725220787686827e-04 2.014436316888319929e-03 -1.192270471936329284e-04 9.999999927150269308e-01 1.883765411605419832e-05 3.131846907750840403e-04 4.244747650947992986e-04 -1.878704367966915647e-05 9.999999097341063514e-01 -2.100580110358806624e-03
9.999996806511813885e-01 1.919243756283820781e-04 -7.757980209962007240e-04 -1.237052870511857246e-03 -1.919386028477582085e-04 9.999999814129919562e-01 -1.826440765056624703e-05 8.742626743920917792e-03 7.757945011914019716e-04 1.841330740609130965e-05 9.999996989018756777e-01 -3.134109972683237280e-03
9.999999345202467138e-01 1.204168610897080895e-04 -3.412613100832186347e-04 2.121065423861589160e-03 -1.204251950994798251e-04 9.999999924511877580e-01 -2.440075425461744942e-05 5.448511050727022909e-03 3.412583692448655230e-04 2.444184911670875757e-05 9.999999414726590263e-01 -8.124215882392708983e-04
9.999993947605759770e-01 2.338017362345391607e-04 -1.075088475409645764e-03 2.702683028416566838e-03 -2.338096951736729368e-04 9.999999726400327082e-01 -7.277377885922241973e-06 5.407338678568025803e-03 1.075086744531675298e-03 7.528739590086500121e-06 9.999994220657378863e-01 -3.722729449303389341e-03
9.999997222125757146e-01 1.886794687835863585e-04 -7.210928023233860061e-04 5.722654664075494876e-03 -1.886990746803914455e-04 9.999999818285495445e-01 -2.712120699553496029e-05 2.211282208288032399e-03 7.210876720051552198e-04 2.725726900616183868e-05 9.999997396447714015e-01 -1.031613898390727063e-03
9.999996503151241667e-01 1.800211975244239444e-04 -8.166774136023240756e-04 -1.456360211836982277e-04 -1.800443730331792967e-04 9.999999833914430258e-01 -2.830437020591694601e-05 5.928898430680324891e-03 8.166723046518710623e-04 2.845139848120915269e-05 9.999996661183766511e-01 -2.225883825060243765e-03
9.999999548977548391e-01 1.105123776763465652e-04 -2.792695876803306270e-04 1.521116004494922971e-03 -1.105177458566484013e-04 9.999999937084622648e-01 -1.920685686090766576e-05 1.251519804839791583e-04 2.792674633278760467e-04 1.923772023995204205e-05 9.999999608197962520e-01 -4.796356325727385052e-04
9.999997204759812908e-01 2.213417754289344222e-04 -7.141818940758898598e-04 2.458344865938948479e-04 -2.213220152727272082e-04 9.999999751233301648e-01 2.774715369362305850e-05 4.502164624084510104e-03 7.141880179136843570e-04 -2.758908176155897913e-05 9.999997445871261492e-01 -4.468976574109363720e-03
9.999999241992333365e-01 1.346713201498931668e-04 -3.653288423630755019e-04 3.076433973183857230e-03 -1.346619885608783698e-04 9.999999906062267963e-01 2.556746235663141968e-05 3.012297970223783844e-03 3.653322821351676639e-04 -2.551826451020691524e-05 9.999999329405686588e-01 -1.547821621173135070e-03
9.999991519090390968e-01 2.843029080548901814e-04 -1.270965404359854396e-03 1.877552494931580308e-03 -2.843345571468392625e-04 9.999999592713652019e-01 -2.472099519219464781e-05 6.923347256783736470e-03 1.270958324344345202e-03 2.508235361193969512e-05 9.999991920175802518e-01 -3.667863546715137077e-03
9.999998347300844692e-01 1.855529038525201334e-04 -5.441598327174510972e-04 3.208506872437236462e-03 -1.855687173378274264e-04 9.999999823613346939e-01 -2.901002304373564972e-05 3.032359714139990295e-03 5.441544402251813220e-04 2.911099729143573752e-05 9.999998515242365382e-01 -9.468815152184183875e-04
9.999997667820367253e-01 1.335993758500645919e-04 -6.697664361154712347e-04 -6.988266133367664057e-04 -1.335892045911382317e-04 9.999999909609705862e-01 1.523099123783450261e-05 3.773288930063319405e-03 6.697684649123556311e-04 -1.514151412023123849e-05 9.999997755904438401e-01 -3.862151544762609020e-03
9.999998746266753891e-01 1.299581003017613405e-04 -4.835881778319590842e-04 3.304432791255564050e-03 -1.299582027858436504e-04 9.999999915554164120e-01 -1.805011710096690873e-07 2.965255437208511556e-03 4.835881502906689807e-04 2.433473988591595504e-07 9.999998830712140130e-01 -1.758666968888688772e-03
9.999995369435413783e-01 2.349298680143388051e-04 -9.332313003513175711e-04 2.173942285589037550e-03 -2.349388434814976394e-04 9.999999723566683762e-01 -9.508008840762497522e-06 8.679196458926282526e-03 9.332290408384332674e-04 9.727256720422867373e-06 9.999995644943741047e-01 -3.126912785310928620e-03
9.999999078590116053e-01 1.292770853200672166e-04 -4.093524196404039485e-04 1.311739183083188284e-03 -1.292817227995915258e-04 9.999999915792461280e-01 -1.130237850598212098e-05 4.284848478380292799e-03 4.093509550547975106e-04 1.135529925061308665e-05 9.999999161514229185e-01 -1.180455562341706580e-03
9.999997733203984662e-01 1.899220630773041784e-04 -6.459789172873944395e-04 1.270360984243385904e-03 -1.899158169882646382e-04 9.999999819186496941e-01 9.730511113744867458e-06 6.049536227756249079e-03 6.459807536459687572e-04 -9.607827294202654172e-06 9.999997913082560030e-01 -3.151076650763807909e-03
9.999999325747287449e-01 1.495871579685211200e-04 -3.353717642176546514e-04 3.481387936475528484e-03 -1.495826633443471355e-04 9.999999887223717243e-01 1.342695872970218951e-05 2.963567530261041957e-03 3.353737689360530979e-04 -1.337679202268368481e-05 9.999999436727466939e-01 -1.971892050812730588e-03
9.999996836306829229e-01 2.301032188202225236e-04 -7.614401110163401647e-04 1.381297406214595028e-03 -2.300817475552366072e-04 9.999999731311537410e-01 2.828570871383589936e-05 8.415162663643822524e-03 7.614465991899444473e-04 -2.811050629370426078e-05 9.999997097043958894e-01 -4.714520686493585758e-03
9.999998234414962939e-01 1.601054050661327756e-04 -5.722615096952974852e-04 2.490798485777363444e-03 -1.601186738321344594e-04 9.999999869132566443e-01 -2.314080315066647538e-05 4.288114364732319855e-03 5.722577972385960556e-04 2.323242881897848551e-05 9.999998359906204781e-01 -1.670708365910493660e-03
9.999993970518934461e-01 1.881248566193961206e-04 -1.081898742008436873e-03 6.343496636495226867e-04 -1.881762514089168465e-04 9.999999811713432551e-01 -4.740265345847465239e-05 4.941077785063839774e-03 1.081889804020351540e-03 4.760621252680966600e-05 9.999994136238783415e-01 -2.370759136493715696e-03
9.999998654213623217e-01 1.314354836746261255e-04 -5.018784422540423966e-04 3.256537228104687369e-03 -1.314421158824651968e-04 9.999999912746050379e-01 -1.318180819836987137e-05 -1.213534288424464487e-03 5.018767053176184960e-04 1.324777438874575013e-05 9.999998739721266405e-01 -8.804158277994477561e-04
9.999995532953619426e-01 1.233432142606245298e-04 -9.371208716573669988e-04 -7.187432431106366426e-04 -1.233303488367144514e-04 9.999999922997794277e-01 1.378644609221375613e-05 5.612588480188598038e-03 9.371225649059038241e-04 -1.367086448974067365e-05 9.999995608071065023e-01 -3.827207192148661570e-03
9.999998818526562028e-01 1.085064174384006534e-04 -4.738365023001888505e-04 4.363452848267545051e-04 -1.085039636136099950e-04 9.999999940999023673e-01 5.204335325225269692e-06 4.043833598208741373e-03 4.738370642082885445e-04 -5.152921571742495359e-06 9.999998877259357322e-01 -1.897152584905844284e-03
9.999998014854084571e-01 1.898767200134324304e-04 -6.008127620027322278e-04 -1.663789953034312862e-03 -1.898844509921790403e-04 9.999999818898928083e-01 -1.281051783000246411e-05 7.297744013617253264e-03 6.008103187028414772e-04 1.292460028838973265e-05 9.999998194299415388e-01 -1.991729968168464045e-03
9.999999616464293473e-01 1.254072692894305039e-04 -2.469416057093106495e-04 1.234459120486101381e-03 -1.254179816058904927e-04 9.999999911949054576e-01 -4.336495028721693831e-05 1.502424826499688601e-03 2.469361652549680844e-04 4.339591954177882848e-05 9.999999685696617790e-01 6.736935390202515583e-04
9.999994664171100167e-01 1.696015029870468881e-04 -1.019019541284928686e-03 2.487941744157735890e-04 -1.696043356731861984e-04 9.999999856135574072e-01 -2.693400880762683428e-06 5.843507587835076143e-03 1.019019069820025110e-03 2.866229575947682912e-06 9.999994807958252352e-01 -3.807846983732555632e-03
9.999998765399816802e-01 1.279643158216974854e-04 -4.801511796332561368e-04 4.356107109356885214e-03 -1.279662100962272546e-04 9.999999918046630354e-01 -3.914443220292853838e-06 2.958260655964405940e-03 4.801506747892069762e-04 3.975885863746521884e-06 9.999998847197543173e-01 -1.931833243734693006e-03
9.999996396345763872e-01 1.603384309189039079e-04 -8.336799775585162706e-04 2.512008033294899426e-03 -1.603618341639961560e-04 9.999999867498884365e-01 -2.800544736890864557e-05 4.440491151421995138e-03 8.336754761626753458e-04 2.813912772702082004e-05 9.999996520966344393e-01 -2.555135075098353796e-03
9.999997718696971294e-01 1.662008610051328601e-04 -6.547043817322001965e-04 3.713654966594286642e-03 -1.662147964798827576e-04 9.999999859609474129e-01 -2.123078722016728974e-05 -2.279361237843531909e-04 6.547008439656552044e-04 2.133960393234547517e-05 9.999997854556901267e-01 -7.896503380928512721e-04
9.999996025138018219e-01 1.481629797068452676e-04 -8.792155422345376836e-04 -5.342108581677671234e-04 -1.481573667789051242e-04 9.999999890039015238e-01 6.449145814065368256e-06 6.810261722237862143e-03 8.792164880912574539e-04 -6.318880991050361133e-06 9.999996134691446770e-01 -3.318863145157173629e-03
9.999998584965869020e-01 7.384984603986165317e-05 -5.268329966504089849e-04 1.516264122326250498e-03 -7.383910013116939703e-05 9.999999970654748216e-01 2.041660361270077268e-05 2.777571472012897030e-03 5.268345028674376908e-04 -2.037769984928960261e-05 9.999998610150683254e-01 -2.550195269216047351e-03
9.999997226307957288e-01 2.220741294109954036e-04 -7.109299632840731771e-04 1.918380295627902929e-03 -2.220656706341052648e-04 9.999999752716931534e-01 1.197710040519810465e-05 6.369499237178692305e-03 7.109326055081242749e-04 -1.181922394404873816e-05 9.999997472175362612e-01 -4.390321679325653870e-03
9.999999091063802581e-01 1.782277730149359565e-04 -3.873268543241654050e-04 4.014212780356512557e-03 -1.782214890664805102e-04 9.999999839863833451e-01 1.625834488412441180e-05 2.760152593606693405e-03 3.873297458102632697e-04 -1.618931343761150833e-05 9.999999248567842391e-01 -2.370121299296228633e-03
9.999996512325007858e-01 1.422087645429552082e-04 -8.229893948864423292e-04 1.053197642413961077e-03 -1.421756044592959031e-04 9.999999890789631474e-01 4.035060114806024342e-05 5.501368975015205262e-03 8.229951241076827661e-04 -4.023357806040042222e-05 9.999996605300848218e-01 -3.699336650321812577e-03
9.999998515404268096e-01 1.445085800129450684e-04 -5.253916582646619071e-04 4.016783256422492079e-03 -1.445112304617472872e-04 9.999999895457183374e-01 -5.006751475132441562e-06 1.122668764671148726e-03 5.253909292535233417e-04 5.082675726842418195e-06 9.999998619692593849e-01 -6.183004752873030169e-04
9.999998093257096432e-01 1.737423799377727624e-04 -5.925893432650995328e-04 -8.429079997209019265e-05 -1.737552067286248251e-04 9.999999846714153762e-01 -2.159391418617169066e-05 4.363643602892050034e-03 5.925855824035008252e-04 2.169687555261163740e-05 9.999998241857711578e-01 -1.942061851345545410e-03
9.999998908823700683e-01 1.724196784596863171e-04 -4.341735856005289975e-04 2.702588935128496898e-03 -1.724367468529307778e-04 9.999999843615116069e-01 -3.927524451974790033e-05 1.481210322974470250e-03 4.341668069856788998e-04 3.935010771479673211e-05 9.999999049753718339e-01 -1.697942102631212367e-03
9.999994759505219655e-01 1.504811532768330100e-04 -1.012647077683339345e-03 -5.418967922890885469e-05 -1.504757852596641087e-04 9.999999886640620339e-01 5.377162686386097428e-06 7.176288022635966303e-03 1.012647875365677496e-03 -5.224781004281493248e-06 9.999994872583596317e-01 -5.352554398429814134e-03
9.999995197255974189e-01 1.184395043320168991e-04 -9.728929325761898235e-04 3.375668842831349922e-03 -1.184418143554537577e-04 9.999999929830846179e-01 -2.316770807697417364e-06 4.865079349432085282e-03 9.728926513522962588e-04 2.432000899119623655e-06 9.999995267368751994e-01 -3.296995497335870016e-03
9.999996405157225432e-01 5.333995397463196808e-05 -8.462406720631173449e-04 -1.576301525982494976e-03 -5.331845249122216495e-05 9.999999982552091327e-01 2.543077660832159846e-05 3.840741983410903438e-03 8.462420270630581541e-04 -2.538564722328770531e-05 9.999996416149360412e-01 -3.624633289305774150e-03
9.999999352057797886e-01 1.121754086666238863e-04 -3.420601027573913423e-04 2.397924954130653888e-03 -1.121793967305074661e-04 9.999999936401490208e-01 -1.163979281366553920e-05 1.555323331812635910e-03 3.420587948834244462e-04 1.167816415544713847e-05 9.999999414296989464e-01 -1.195771138520260787e-03
9.999998294035810087e-01 1.959349128270159454e-04 -5.502747667307357699e-04 2.578541684437754902e-04 -1.959403356773505782e-04 9.999999807556633202e-01 -9.800911432794570704e-06 7.485796607131226660e-03 5.502728358003356043e-04 9.908730783302172290e-06 9.999998485508001522e-01 -2.377039746307713173e-03
9.999999154449499272e-01 1.752291479036151354e-04 -3.720280080766755551e-04 3.549794922203393724e-03 -1.752299039154813095e-04 9.999999846452412022e-01 -1.999542717208122698e-06 4.011697465602386339e-03 3.720276519861086912e-04 2.064732980245831511e-06 9.999999307955791394e-01 -2.271646459453569369e-03
9.999996146158661725e-01 2.145197564726346795e-04 -8.513221441824225712e-04 1.123782956155790214e-03 -2.144993031614929736e-04 9.999999767042194732e-01 2.411657972837394281e-05 7.124248796434455404e-03 8.513272978330191278e-04 -2.393396242753367741e-05 9.999996373344329781e-01 -5.435412834781572569e-03
9.999999751591415187e-01 1.296215698240334017e-04 -1.813283349009191399e-04 1.568392454467616368e-03 -1.296223661478217246e-04 9.999999915894294267e-01 -4.379867323418817486e-06 2.121843883437082162e-03 1.813277656505662841e-04 4.403371422438654586e-06 9.999999835504257417e-01 -1.756121036370944695e-03
9.999999386791290634e-01 8.351237099489400837e-05 -3.400991356558591156e-04 -2.547836460236904080e-03 -8.351766249817428730e-05 9.999999963915837675e-01 -1.554453598261663604e-05 9.212094270236524662e-03 3.400978362675839695e-04 1.557293931423977523e-05 9.999999420454709353e-01 -2.165979062054209162e-03
9.999997645059697238e-01 1.419778266707655051e-04 -6.714389785562555621e-04 1.787586827841870438e-04 -1.420005442756022988e-04 9.999999893471536172e-01 -3.378665485440098237e-05 7.334508009887434621e-03 6.714341744476925609e-04 3.388199159824829880e-05 9.999997740140544877e-01 -1.746628678361660317e-03
9.999999469947106201e-01 4.983685189857183564e-05 -3.217559078485465675e-04 2.625120604849437780e-04 -4.984696643927983059e-05 9.999999982637959306e-01 -3.142750400347072207e-05 4.323820075662304467e-03 3.217543410420500654e-04 3.144354089358694952e-05 9.999999477427224948e-01 2.858184951690290101e-04
9.999999601010500783e-01 1.215010339453858370e-04 -2.550203854870266391e-04 4.353989829290198961e-03 -1.215136810152199655e-04 9.999999913882493541e-01 -4.957747937801128886e-05 1.358748398063558795e-03 2.550143595758498031e-04 4.960846586569636488e-05 9.999999662533376465e-01 1.788528115386345827e-03
9.999999938472047267e-01 4.558862564914051198e-05 1.011299550987421739e-04 1.392623412774792596e-03 -4.558668609130290465e-05 9.999999987769699894e-01 -1.918108798728919206e-05 4.406459102492944410e-03 -1.011308294144970060e-04 1.917647768975437090e-05 9.999999947024089675e-01 9.747035234725920372e-04
9.999999793979758023e-01 7.979138831554487580e-05 -1.866477491753777305e-04 3.337486433201255001e-03 -7.978887797484388467e-05 9.999999967263216716e-01 1.345702433131273339e-05 3.679267829696216199e-03 1.866488223190070289e-04 -1.344213163958755935e-05 9.999999824907629398e-01 -5.095446680525164218e-04
9.999999956230448683e-01 5.949111945503445675e-05 7.221299667582598285e-05 2.719413425969090681e-03 -5.948625188450907224e-05 9.999999959589073173e-01 -6.740601704649046505e-05 2.514022544121048870e-03 -7.221700644341867790e-05 6.740172107094777060e-05 9.999999951208560223e-01 3.632555232269978843e-03
9.999999544163402643e-01 9.690879853303587953e-05 2.859650365379626008e-04 4.695785411729089254e-03 -9.688690406878095905e-05 9.999999923744997687e-01 -7.657629059005655449e-05 -3.101556996555334886e-03 -2.859724552736533638e-04 7.654858083236690334e-05 9.999999561800337888e-01 4.839935853852318781e-03
9.999999531806197384e-01 -2.088257613313217642e-05 3.052911338645876156e-04 4.055902636747330328e-04 2.089717659598842934e-05 9.999999986382008821e-01 -4.782160790737165315e-05 -4.261158795566682977e-04 -3.052901348104745233e-04 4.782798539113116749e-05 9.999999522552075470e-01 4.091848623853637512e-03
9.999996772362920172e-01 -1.703974503392529239e-04 7.851700584590583058e-04 -4.239693294023404689e-03 1.704341456242790080e-04 9.999999843871130167e-01 -4.666878859002717599e-05 -7.558666900393433766e-04 -7.851620939577006169e-04 4.680259331511915232e-05 9.999996906649538664e-01 6.263229915813748119e-03
9.999997447606674417e-01 -6.114189848617564041e-05 7.118569156242666963e-04 5.519685930944536606e-04 6.119247733039228677e-05 9.999999956050802385e-01 -7.103041790212061247e-05 4.576560381158089816e-04 -7.118525695611119383e-04 7.107396006053596897e-05 9.999997441071729609e-01 7.086210557728213344e-03
9.999996866782204785e-01 9.376798750922177972e-06 7.915526113944777427e-04 4.847913086758084793e-03 -9.367571576919888916e-06 9.999999998881375918e-01 -1.166076377578212885e-05 -3.954586784727561963e-03 -7.915527206465679732e-04 1.165334519646673626e-05 9.999996866541959184e-01 3.891246584550242527e-03
9.999999927959798418e-01 1.181868814459605832e-04 2.097382425330387946e-05 5.575359476647408392e-03 -1.181857612369131800e-04 9.999999915901190972e-01 -5.340306607362210886e-05 1.176165949716144118e-03 -2.098013561875540804e-05 5.340058688151991403e-05 9.999999983541055792e-01 3.181785645506321914e-03
9.999999723321169043e-01 -1.467136550074151005e-05 2.347775891217093475e-04 7.124461268217165827e-04 1.469057091869394463e-05 9.999999965463846063e-01 -8.180108772960438177e-05 4.353252545733609508e-04 -2.347763881772213946e-04 8.180453448316457328e-05 9.999999690940323260e-01 5.951553624411064572e-03
9.999998097956623866e-01 -1.173630325212228102e-04 6.055035571296287465e-04 -1.312048186440495975e-03 1.173933207256217529e-04 9.999999918600932514e-01 -4.998621502365410685e-05 -1.559740268990542729e-03 -6.054976856671068393e-04 5.005728758934181158e-05 9.999998154333932243e-01 6.397117042849733218e-03
9.999999121535138036e-01 -8.276886919613212032e-05 4.109042211253881500e-04 -1.969448523155432548e-03 8.277032779326861159e-05 9.999999965682963010e-01 -3.532721295190465871e-06 1.345993462548047796e-04 -4.109039273159398081e-04 3.566731661927499443e-06 9.999999155726169153e-01 2.404106826072354222e-03
9.999997688254036454e-01 -7.378547267497682211e-05 6.759473673045849522e-04 1.234818338009205634e-03 7.376709360890476694e-05 9.999999969088805285e-01 2.721497554430020850e-05 -2.404567872535995528e-03 -6.759493732849851865e-04 -2.716510658017057370e-05 9.999997711772247166e-01 1.399162491919183574e-03
9.999995739502183234e-01 -2.547020022007239935e-05 9.227408361309525795e-04 3.553926338886884487e-03 2.549405425448125518e-05 9.999999993411859966e-01 -2.583952992988783128e-05 4.347893348011482723e-05 -9.227401773850371245e-04 2.586304332590089397e-05 9.999995739407432360e-01 5.766207027151055466e-03
9.999997697777254224e-01 -6.914162352581901076e-05 6.750288378874667004e-04 4.022659461026326100e-04 6.919226222433862183e-05 9.999999947941635714e-01 -7.499402398573992885e-05 8.803563498643407308e-04 -6.750236491648037990e-04 7.504071349280524278e-05 9.999997693559555811e-01 7.384266569759092777e-03
9.999999645063226694e-01 -3.011935165881173768e-05 2.647266101395019775e-04 -1.987789804981278906e-03 3.014144463660836328e-05 9.999999960636091201e-01 -8.345223215683817352e-05 7.071477586716794998e-04 -2.647240955703075087e-04 8.346020843727493092e-05 9.999999614777727031e-01 4.999787822742016337e-03
9.999999798496380654e-01 8.474761539994040511e-05 1.819850684616236179e-04 1.501725500510508668e-03 -8.474342717861669681e-05 9.999999961442769258e-01 -2.302168088022463679e-05 -5.549171573498661416e-04 -1.819870187924966566e-04 2.300625837793266243e-05 9.999999831757183655e-01 2.335980384851398233e-03
9.999999725431126807e-01 1.146057504229884295e-04 2.043998430098483354e-04 3.377279148285977639e-03 -1.146023087117173611e-04 9.999999932911981526e-01 -1.684976356019677419e-05 4.318734033042547285e-03 -2.044017727183675603e-04 1.682633840364547618e-05 9.999999789683946538e-01 1.568364852224676722e-03
9.999999475805833038e-01 1.399707668482043788e-04 2.919709147967428716e-04 4.837179397880377561e-03 -1.399490761729798411e-04 9.999999874461664717e-01 -7.430964183151032615e-05 2.449441293967881406e-03 -2.919813123089400162e-04 7.426877687644707149e-05 9.999999546155300401e-01 5.130157080439991246e-03
9.999999909804846432e-01 -2.255621808452130990e-05 1.324018412216222630e-04 1.268753555720828798e-03 2.256752371008460944e-05 9.999999960998100512e-01 -8.538786080614752753e-05 2.140539289789435400e-03 -1.323999146780198259e-04 8.539084801768143367e-05 9.999999875893327284e-01 5.854026756827111419e-03
9.999999043996870007e-01 3.131169388443103880e-05 4.361424019190380760e-04 1.614460607320870964e-03 -3.128065209203502445e-05 9.999999969774524544e-01 -7.118016514438810683e-05 2.496530046245378897e-03 -4.361446293723186016e-04 7.116651552080502938e-05 9.999999023565898648e-01 5.663679966732103679e-03
9.999999855466491505e-01 4.337684250903372741e-06 1.699643671269565083e-04 1.295149083898941827e-03 -4.330691788402123132e-06 9.999999991443274672e-01 -4.114110210758212591e-05 -6.816537842944535470e-04 -1.699645454386333472e-04 4.114036544966630612e-05 9.999999847097617023e-01 2.989858595401723336e-03
9.999999932340039033e-01 7.073033413962694636e-05 -9.235373273207260968e-05 2.743717416421490723e-03 -7.073238270104572581e-05 9.999999972525197567e-01 -2.217860733247318866e-05 6.401012262894851049e-04 9.235216377802517166e-05 2.218513958198029061e-05 9.999999954894487342e-01 2.136133596765574585e-03
9.999999614389599722e-01 -5.024343063636996080e-05 2.731257518386032948e-04 -1.262526300772806760e-03 5.024890875970969273e-05 9.999999985365158883e-01 -2.005032181384018675e-05 3.638206811571150726e-03 -2.731247440419348033e-04 2.006404531166299071e-05 9.999999625001534387e-01 3.041139937939029390e-03
9.999999541253914437e-01 6.447432470166183178e-05 2.959599236006627910e-04 2.371038307265676236e-03 -6.446664521843514697e-05 9.999999975851382450e-01 -2.595717967065584787e-05 4.702902310724036035e-03 -2.959615964575908588e-04 2.593809893648675453e-05 9.999999558669732114e-01 3.909072640463464796e-03
9.999999093441127584e-01 -2.130957201377758396e-05 4.252736393192113325e-04 2.067205243161834329e-03 2.134178315717916372e-05 9.999999969041596382e-01 -7.573776419786023542e-05 3.764916234729840262e-03 -4.252720240632917544e-04 7.574683342957885259e-05 9.999999067030570510e-01 6.218455785457564777e-03
9.999999843764585394e-01 1.233473014572592712e-04 -1.266196107586222135e-04 6.332650958451193843e-03 -1.233540365636204023e-04 9.999999909775568740e-01 -5.318522137185823580e-05 -6.449908798879383509e-04 1.266130493626703663e-04 5.320083958101191023e-05 9.999999905694031410e-01 4.539853606480057091e-03
9.999999986150701625e-01 -2.942404438186973576e-05 -4.363582642835058315e-05 1.433567732125735211e-03 2.942139550323088885e-05 9.999999977247262528e-01 -6.070361568625817956e-05 -1.439968865239498776e-03 4.363761247494923228e-05 6.070233177528046916e-05 9.999999972054928188e-01 4.069114755205738634e-03
9.999999696222329204e-01 -5.623126699123759108e-06 2.464222262280714795e-04 -8.801040182185044386e-05 5.633655865055303038e-06 9.999999990713123177e-01 -4.272747705006809467e-05 -1.449454208282385456e-03 -2.464219857372052175e-04 4.272886401012282128e-05 9.999999687252241198e-01 3.041480876266026371e-03
9.999999486766245615e-01 3.332898863867610954e-05 3.186470251989413768e-04 3.201425061031151417e-03 -3.332330462817121859e-05 9.999999992855880260e-01 -1.784324506149152431e-05 -6.555929013935678402e-04 -3.186476196686080118e-04 1.783262577382639452e-05 9.999999490728446183e-01 1.883470916919139726e-03
9.999999761881758209e-01 1.323953233973261122e-04 -1.734794687201582646e-04 5.241904393926589620e-03 -1.323967625458972596e-04 9.999999912012335068e-01 -8.284328334922825567e-06 1.576489697863895723e-04 1.734783703874238784e-04 8.307296257684586787e-06 9.999999849181218092e-01 1.237348882589368870e-03
9.999999847580536283e-01 1.283176748573731615e-05 1.741242036070392708e-04 3.553534123899583421e-03 -1.283107767095888064e-05 9.999999999098300174e-01 -3.962741409287610834e-06 1.705065226986907101e-03 -1.741242544403148480e-04 3.960507147706842443e-06 9.999999848325290541e-01 3.285025315106927975e-03
9.999999806721233675e-01 4.926615582919662511e-05 1.903381167305893799e-04 2.633556974933208821e-03 -4.925684567731486197e-05 9.999999975903897109e-01 -4.891813242502876215e-05 6.006262221165707335e-04 -1.903405262802836454e-04 4.890875602430281996e-05 9.999999806892085896e-01 4.092200495729354966e-03
9.999999376180750410e-01 -5.709343416193937492e-05 3.485745053611186074e-04 2.028913342960399907e-03 5.710311064919330442e-05 9.999999979845783926e-01 -2.775027998472759231e-05 -9.519217624629570246e-04 -3.485729202998107058e-04 2.777018294216083023e-05 9.999999388628662000e-01 4.412038198738939439e-03
9.999999988068373202e-01 3.571618069548276842e-05 3.332686246773314904e-05 4.034501070436577810e-03 -3.571646511198714100e-05 9.999999993257558950e-01 8.533595700003904810e-06 -7.936351397001223471e-04 -3.332655765781670620e-05 -8.534786007542559082e-06 9.999999994082490185e-01 6.609075224168993110e-04
9.999999692424660358e-01 -7.197407816244262582e-06 2.479178580758527274e-04 2.648199839257307266e-03 7.200057421690131445e-06 9.999999999169785214e-01 -1.068654193755929084e-05 3.304415350298059439e-03 -2.479177811398697523e-04 1.068832663168162219e-05 9.999999692112662153e-01 2.245535947380778320e-03
9.999999163686227321e-01 -6.085781446764164225e-05 4.044243735338596754e-04 1.585997167743291277e-03 6.086902369117641744e-05 9.999999977637186177e-01 -2.770423793152499130e-05 2.426035918052435285e-03 -4.044226866100809501e-04 2.772885253135534179e-05 9.999999178366972830e-01 5.192485739049576034e-03
9.999999421354353046e-01 1.112440823408810829e-04 -3.214869828054308471e-04 4.168456643317729020e-03 -1.112494046060638272e-04 9.999999936750435525e-01 -1.653731467432600574e-05 1.896139560797357581e-03 3.214851410936444068e-04 1.657307895282719847e-05 9.999999481863172113e-01 1.854175414577472619e-03
9.999999089496529603e-01 -3.371257947676103479e-05 4.253988101443358484e-04 2.651927963507688668e-03 3.371603549622471404e-05 9.999999993986714575e-01 -8.117018188429663258e-06 -2.069924387684299056e-03 -4.253985362429106533e-04 8.131360210755218026e-06 9.999999094849790771e-01 4.222499553007184533e-03
9.999998822628226591e-01 -2.565279912584617867e-05 4.845784505442386845e-04 7.888901457146556100e-04 2.567869541369898056e-05 9.999999982426681644e-01 -5.343471127757786908e-05 -7.447056231397308074e-04 -4.845770789427587214e-04 5.344714832876136090e-05 9.999998811642213381e-01 5.330598161351617591e-03
9.999995487772751490e-01 -9.269358298034353981e-05 9.454380707824984031e-04 2.091561714131349135e-03 9.276646949954029167e-05 9.999999927288942825e-01 -7.704929290837898913e-05 3.018553578763546520e-04 -9.454309219330925100e-04 7.713696309394406066e-05 9.999995501050291669e-01 8.398461191691387884e-03
9.999999322033094051e-01 9.588487640172964962e-05 3.555270272619108409e-04 5.301485309764014664e-03 -9.586285774517630260e-05 9.999999934863191831e-01 -6.194896445423774282e-05 9.277517804165216504e-04 -3.555329649149211683e-04 6.191487841746398841e-05 9.999999348814272437e-01 5.557039787602888019e-03
9.999987955826845631e-01 -4.749008878600759296e-05 1.551314884750800652e-03 2.369465030696201943e-03 4.730860883279388793e-05 9.999999920339803783e-01 1.170210870783548653e-04 -1.009427725390950846e-02 -1.551320429734810800e-03 -1.169475555870721475e-04 9.999987898633645456e-01 6.467650837820700972e-03
9.999986433114630424e-01 -1.362893500835445602e-04 1.641584736270719491e-03 4.236583069245845531e-03 1.361100624250036932e-04 9.999999847607818904e-01 1.093274301312520055e-04 -8.073756293709388049e-03 -1.641599611418650614e-03 -1.091038456070510308e-04 9.999986466226175041e-01 7.965203403270119248e-03
9.999969643130363073e-01 2.120383746587530286e-04 2.454873609724382739e-03 1.244089275910870498e-02 -2.134993002274681814e-04 9.999998002764785010e-01 5.948655747240503373e-04 -9.820014432863205522e-03 -2.454746985098775827e-03 -5.953878826962030876e-04 9.999968098601655919e-01 4.499487617376448506e-03
9.999994832616688756e-01 1.286700547430519152e-04 1.008424718159548492e-03 4.965473579024451412e-03 -1.290830666085215656e-04 9.999999078207677528e-01 4.095070425899053788e-04 -9.510543277310332458e-03 -1.008371933910144408e-03 -4.096370015369834531e-04 9.999994076916095542e-01 5.474321036404939701e-03
9.999989837985483465e-01 2.242349194589444419e-04 1.407878038568989793e-03 4.997589614795721474e-03 -2.249595544073163325e-04 9.999998423091354116e-01 5.145628272465892477e-04 -7.205392395079321388e-03 -1.407762433605360504e-03 -5.148790199633135421e-04 9.999988765516315548e-01 -6.534494156429475342e-04
9.999998357889435807e-01 1.090220241775126945e-04 5.626155741066173142e-04 2.659441068366067817e-03 -1.090454894029468897e-04 9.999999931860594771e-01 4.167688010770617457e-05 2.026052312560045095e-03 -5.626110265751574097e-04 -4.173822395452584218e-05 9.999998408633640201e-01 1.691955108639236691e-03
9.999997803105087346e-01 3.578898417519649531e-05 -6.618897815596536159e-04 6.924001866076539419e-04 -3.598533750137639645e-05 9.999999553530741769e-01 -2.966460941349951196e-04 7.272396492077194512e-03 6.618791353459409265e-04 2.966698472921437831e-04 9.999997369514713741e-01 3.977377917766895289e-03
9.999995975713421581e-01 9.236758165963426782e-05 -8.923706537136898110e-04 1.584657901061510728e-03 -9.254937844536842450e-05 9.999999749736678822e-01 -2.036842561746679959e-04 6.120349687745023012e-03 8.923518175587603777e-04 2.037667625556302672e-04 9.999995810935823348e-01 7.492047103593657900e-04
9.999999734850559818e-01 1.227632105086394541e-04 -1.948309046950372854e-04 2.155190124230632696e-03 -1.227635826816732192e-04 9.999999924627496206e-01 -1.898278211452450428e-06 1.798725343170568067e-03 1.948306701878203091e-04 1.922196300997184485e-06 9.999999810186573912e-01 1.002605544286019196e-03
9.999996580671547397e-01 1.744853850354477736e-04 -8.083442484557242132e-04 -1.249742623436489366e-03 -1.744297284143352578e-04 9.999999824119716330e-01 6.892261016066586379e-05 5.885890889617727967e-03 8.083562602267141840e-04 -6.878158732603825850e-05 9.999996709145707596e-01 -3.102782804759041634e-03
9.999999906032843722e-01 8.892000533585901539e-05 1.043391773199092628e-04 7.591762242420462339e-04 -8.892105598835316595e-05 9.999999959958708606e-01 1.006499190845956457e-05 4.164824636674433790e-03 -1.043382819229875079e-04 -1.007426976370993807e-05 9.999999945060159545e-01 1.570814555730586787e-03
9.999999417839686711e-01 1.314194472688482839e-04 -3.148983774829010361e-04 4.965520510179175992e-03 -1.314404158051874025e-04 9.999999891460262802e-01 -6.656849422514589235e-05 3.872821423762056077e-03 3.148896256702857091e-04 6.660988072346507648e-05 9.999999482038224308e-01 9.384083254497252793e-04
9.999999731107666046e-01 9.465415029118598238e-05 -2.117051200910462043e-04 2.794630725307392476e-03 -9.466442400635892722e-05 9.999999943422802628e-01 -4.851892689879463435e-05 4.289706862910657760e-03 2.117005263754793054e-04 4.853896653741049996e-05 9.999999764134276381e-01 -7.646146859111957288e-05
9.999998516566357409e-01 9.461472436251384477e-05 -5.364091353583821161e-04 2.323821034197651441e-03 -9.462466239943363787e-05 9.999999953519316254e-01 -1.850162329565735044e-05 3.406055861029370045e-03 5.364073823391274018e-04 1.855237808440556461e-05 9.999998559614543536e-01 -1.505627817357094167e-03
9.999999923021801740e-01 1.193188063266886713e-04 -3.403912530402638869e-05 4.485814304135233785e-03 -1.193189675979543002e-04 9.999999928702779650e-01 -4.735829085020730270e-06 2.488836012043942579e-03 3.403855998786348857e-05 4.739890561854384443e-06 9.999999994094549427e-01 1.361751775626002248e-03
9.999998983815699960e-01 1.494642289277128638e-04 -4.253202251291989477e-04 3.233094140087758826e-03 -1.494657711689140384e-04 9.999999888235321377e-01 -3.594287588573186261e-06 4.251460436214812844e-03 4.253196831581981005e-04 3.657858038769996772e-06 9.999999095448894870e-01 -3.226306353112332742e-04
9.999999671151623692e-01 1.005003122609032139e-04 2.359435554156395743e-04 2.658674550149343375e-03 -1.004886147474953853e-04 9.999999937214885115e-01 -4.958892370094246274e-05 5.484154056616698074e-03 -2.359485376365818589e-04 4.956521242917643981e-05 9.999999709357881850e-01 2.290067424914721695e-03
9.999999453490923118e-01 7.090648701532165435e-05 -3.229149771111907785e-04 -9.301814366357132394e-04 -7.093076049826684579e-05 9.999999946599716916e-01 -7.515905695831361143e-05 9.686026666925849973e-03 3.229096461221193709e-04 7.518195745570569941e-05 9.999999450385153033e-01 -1.024133867664599878e-05
9.999999870770043264e-01 1.058842063904320526e-04 -1.209732449442620257e-04 3.895339597258040167e-03 -1.058889892793690084e-04 9.999999936124097655e-01 -3.953102920500610771e-05 8.538994698799907968e-04 1.209690584598793392e-04 3.954383842878378836e-05 9.999999919013858873e-01 2.332094476017509532e-03
9.999999161358764654e-01 -5.157882435390682545e-05 4.062854476644467893e-04 1.617012010005742899e-03 5.159176321128645476e-05 9.999999981623699519e-01 -3.183630016475683133e-05 -2.483276723491689708e-04 -4.062838048389101576e-04 3.185725847744551894e-05 9.999999169592890258e-01 5.012975142105194175e-03
9.999999960869956350e-01 1.695437620895335075e-05 -8.682486861590222183e-05 -4.147582502430341824e-04 -1.695613178634541502e-05 9.999999996518397216e-01 -2.021905674578748928e-05 7.079221196513866068e-03 8.682452578417860004e-05 2.022052888058481393e-05 9.999999960263159515e-01 6.207839522075512748e-04
9.999997138744688430e-01 1.252096296000495992e-04 -7.460385573604758893e-04 4.737997876235675032e-04 -1.252136397391906538e-04 9.999999921465755337e-01 -5.328539131156721913e-06 1.064960112654712160e-02 7.460378843171074558e-04 5.421951809678513121e-06 9.999997216990000881e-01 -3.791542947636358449e-03
9.999999994549542137e-01 4.249401905231561817e-06 -3.274193327589352106e-05 3.441731543889670238e-05 -4.249825568500603197e-06 9.999999999072552992e-01 -1.293941146454688875e-05 1.310535379332577327e-03 3.274187828809715456e-05 1.293955060499951383e-05 9.999999993802687337e-01 1.205940000566254472e-03
9.999999727094747159e-01 2.718288490190278931e-05 2.320390926518541171e-04 2.298056406016410740e-03 -2.717816849197788031e-05 9.999999994240382772e-01 -2.032905714803936404e-05 -1.221382338677429007e-03 -2.320396451206291095e-04 2.032275019569190004e-05 9.999999728722941406e-01 2.646941067099358932e-03
9.999994210958658147e-01 2.122787304176080865e-04 -1.054867609636532359e-03 7.140278071220136462e-04 -2.122525597751913015e-04 9.999999771638896640e-01 2.492129670154736830e-05 7.389240113449491165e-03 1.054872875808683490e-03 -2.469738392413638647e-05 9.999994433164726138e-01 -4.982196255287831173e-03
9.999985246222647950e-01 3.847179986130449267e-04 -1.674140183854956826e-03 1.071681956099188428e-03 -3.847717876598819855e-04 9.999999254694778017e-01 -3.180739394185222495e-05 1.415421811324911981e-02 1.674127822203476173e-03 3.245150892526649705e-05 9.999985981204846386e-01 -6.624804426523928785e-03
9.999998655227192446e-01 2.143574853618466960e-04 -4.722344881477969565e-04 1.334776074054315823e-03 -2.143921395167597613e-04 9.999999743290698406e-01 -7.333396366920668600e-05 6.572504335242616499e-03 4.722187563410546710e-04 7.343519716972228507e-05 9.999998858083524178e-01 -1.096902684354193400e-03
9.999999933976482236e-01 2.088558893793384576e-05 1.129977682192905518e-04 1.390247937672526917e-03 -2.088293048090793803e-05 9.999999995051738200e-01 -2.352776173833674153e-05 5.422371330210001318e-04 -1.129982595545365868e-04 2.352540185845996331e-05 9.999999933389743800e-01 3.405342078553925955e-05
9.999999935062068301e-01 -5.865518519033067433e-05 9.770954629706213486e-05 4.213362604591340977e-04 5.865157552993580011e-05 9.999999975975217836e-01 3.694521656351526875e-05 -1.647703244134595280e-03 -9.771171309083651513e-05 -3.693948550476603549e-05 9.999999945439477234e-01 5.906484989475022790e-05
9.999986694946655374e-01 2.825328199546531097e-04 -1.606606393710812222e-03 2.130579498918151651e-03 -2.825052284816214330e-04 9.999999599440054787e-01 1.740067182694741247e-05 9.342485200221855787e-03 1.606611245617475554e-03 -1.694677396892541453e-05 9.999987092557230950e-01 -4.794250003386503652e-03
