1.000000000000000000e+00 0.000000000000000000e+00 0.000000000000000000e+00 0.000000000000000000e+00 0.000000000000000000e+00 1.000000000000000000e+00 0.000000000000000000e+00 0.000000000000000000e+00 0.000000000000000000e+00 0.000000000000000000e+00 1.000000000000000000e+00 0.000000000000000000e+00
9.999679448860647746e-01 -2.005353419626420500e-03 -7.751629377263369314e-03 -2.568545744602894823e-02 2.000299743655544350e-03 9.999977818301994947e-01 -6.596481002648143382e-04 5.243231173888360797e-01 7.752935010406795946e-03 6.441213729135506199e-04 9.999697380952992098e-01 1.052052093553709246e-02
9.999486484936045416e-01 -5.243684083444840639e-03 -8.672032809368693251e-03 -6.641541330106533192e-02 5.236072742673652212e-03 9.999858865277838627e-01 -9.001596945142315920e-04 1.062837131115437872e+00 8.676630569937265197e-03 8.547060753412147110e-04 9.999619920574369658e-01 1.275286720880626501e-02
9.999251611008673768e-01 -8.529897574226048482e-03 -8.770008254139444875e-03 -1.102676633416437707e-01 8.518228293772254003e-03 9.999627847423305793e-01 -1.367083427781533994e-03 1.610271738638352046e+00 8.781342957636901342e-03 1.292276184315749483e-03 9.999606082432066501e-01 2.603196026849821307e-02
9.998880500274431871e-01 -1.053355865493224054e-02 -1.062692591393832146e-02 -1.340656672736325050e-01 1.050924613838864242e-02 9.999420358708065448e-01 -2.341077561575026934e-03 1.979405850458544558e+00 1.065096981124231436e-02 2.229134497882256493e-03 9.999407921479502859e-01 3.878078926499829021e-02
9.997014646606007249e-01 -1.203985339179344631e-02 -2.126084395676350672e-02 -1.565306874950969096e-01 1.201924763581296678e-02 9.999271648031621273e-01 -1.096710982333976622e-03 2.376795527046199119e+00 2.127249965844945148e-02 8.408442268859243158e-04 9.997733611870579518e-01 -2.775482188942933470e-03
9.998186859800127779e-01 -1.357361295196700054e-02 -1.335485666829797254e-02 -1.825084094460309447e-01 1.356091010910476236e-02 9.999075044501738452e-01 -1.041278655479435135e-03 2.946583059959471562e+00 1.336775531693220991e-02 8.599858462617161530e-04 9.999102777460240343e-01 -2.893089532116782658e-05
9.998371080692400881e-01 -1.577997771575617714e-02 -8.760686675658286432e-03 -2.193538041278752238e-01 1.576540730228058462e-02 9.998742220584214691e-01 -1.729738610232242971e-03 3.457562606557947671e+00 8.786880011244956740e-03 1.591341056080896894e-03 9.999601283917830541e-01 2.160664538783367908e-02
9.998479425078223848e-01 -1.743696006882853450e-02 -2.104434185213180971e-04 -2.216876434909555715e-01 1.743665178244346858e-02 9.998470076477077306e-01 -1.387253597073770384e-03 3.982777673774247074e+00 2.346007078652081643e-04 1.383373226162121824e-03 9.999990156200280200e-01 2.781166691974401237e-02
9.998163580601149292e-01 -1.908483145839934975e-02 -1.737631610111138808e-03 -2.394776028769254328e-01 1.908344518236233106e-02 9.998175656290542168e-01 -8.109127965218724437e-04 4.465697249227894794e+00 1.752790740430492039e-03 7.776038813441457512e-04 9.999981615267220514e-01 2.987657027547777067e-02
9.995624274453832614e-01 -2.086505065338908199e-02 -2.096671888313387036e-02 -2.683960419310448264e-01 2.083221597213660153e-02 9.997813954883054688e-01 -1.783259136184951917e-03 4.893769358208169606e+00 2.099934325599520438e-02 1.345695614928668366e-03 9.997785838305043304e-01 3.214166838418539701e-02
9.993449656200047437e-01 -2.210341847465230672e-02 -2.865446879085355864e-02 -2.867326528388475793e-01 2.204625673686349055e-02 9.997542846703310060e-01 -2.309295824931761627e-03 5.338453964288279785e+00 2.869847128060835917e-02 1.676059381151251979e-03 9.995867088807788292e-01 3.802964585417313581e-02
9.995297956314260768e-01 -2.304654215909091725e-02 -2.022484955466836293e-02 -2.764297883208145512e-01 2.301630591044192403e-02 9.997335988778786042e-01 -1.726539000942049198e-03 5.782691609363288521e+00 2.025925238592678895e-02 1.260225850418380698e-03 9.997939660367876069e-01 4.183160881998074926e-02
9.996746000990947012e-01 -2.445388718462064223e-02 -7.259567361557993370e-03 -2.861450912187527562e-01 2.444619348774509579e-02 9.997004895385730450e-01 -1.146664858253216256e-03 6.231017940408245970e+00 7.285433458270066873e-03 9.688229452640031818e-04 9.999729915559848470e-01 2.237582309722605314e-02
9.994418413777685917e-01 -2.638428516405634874e-02 -2.049085649251876362e-02 -3.161455219692698715e-01 2.635972964480758421e-02 9.996514446801848530e-01 -1.467583684812346755e-03 6.658126800957467673e+00 2.052243544192293434e-02 9.266311029914780020e-04 9.997889632309066021e-01 2.651604227011108636e-02
9.988836544313866028e-01 -2.859643927350585813e-02 -3.759905012995577028e-02 -3.568066967714693116e-01 2.857738913749957588e-02 9.995910377080021725e-01 -1.044109152984300237e-03 7.080983897459682375e+00 3.761353134022591554e-02 -3.153912040588222922e-05 9.992923602556970097e-01 3.433880672745573404e-02
9.981535011806768054e-01 -2.907407074972720787e-02 -5.333185249732550620e-02 -3.795883656597601186e-01 2.899747262051599953e-02 9.995770425633673240e-01 -2.209651984946087774e-03 7.573690041770735348e+00 5.337353897184495682e-02 6.590829325721759115e-04 9.985743993049837064e-01 5.272128746687408662e-02
9.988046468799001154e-01 -2.915068747848362576e-02 -3.923665111410298140e-02 -3.888046057500350594e-01 2.907549317946939507e-02 9.995741275106287960e-01 -2.485821340301651479e-03 8.013708601138565868e+00 3.929240470483690711e-02 1.342024924153189559e-03 9.992268540734953186e-01 4.197152395931147417e-02
9.992151320655331403e-01 -3.019382651415410818e-02 -2.564084030784453266e-02 -4.046732805637079933e-01 3.013846540181191330e-02 9.995424986259184852e-01 -2.542900682204282496e-03 8.523121162926365457e+00 2.570588949021229003e-02 1.768129262506929616e-03 9.996679853653551717e-01 3.978730737294843001e-02
9.994119307657909346e-01 -3.122276039806770251e-02 -1.417504413110539860e-02 -4.111113626282266176e-01 3.120797648013584266e-02 9.995121144875099839e-01 -1.263010974639479323e-03 9.028320944872218590e+00 1.420756302147622302e-02 8.198937928944005594e-04 9.998987313359084528e-01 3.893412352504761059e-02
9.989122651751648485e-01 -3.282912965346950623e-02 -3.311396576698178579e-02 -4.492498952610931573e-01 3.280479297947203748e-02 9.994609607103457360e-01 -1.278113268347258035e-03 9.523716638252182065e+00 3.313807538459550422e-02 1.904262283200316595e-04 9.994507650192961945e-01 2.088975162184558004e-02
9.985100816346770269e-01 -3.325451782240178289e-02 -4.326377142957194694e-02 -4.659959389369841554e-01 3.318851062663855100e-02 9.994465921346536996e-01 -2.243263874957295533e-03 9.991523516252987847e+00 4.331442757668840099e-02 8.040614570729214070e-04 9.990611662200052923e-01 2.669388386733997573e-02
9.981967257180067721e-01 -3.382354650452418232e-02 -4.959097163503256578e-02 -4.829816095274379606e-01 3.372756367577907366e-02 9.994272217452908613e-01 -2.771260180026573726e-03 1.047617016331949813e+01 4.965630085242539460e-02 1.093680184250905418e-03 9.987657661580656709e-01 4.579524153918217155e-02
9.982822803343328610e-01 -3.445671998387845464e-02 -4.738378645103280551e-02 -4.945016409420983083e-01 3.434671493264506575e-02 9.994050634533420130e-01 -3.134057618661384263e-03 1.094525456736580615e+01 4.746358545053359912e-02 1.501196780593522110e-03 9.988718408606811483e-01 6.751395955018359152e-02
9.987769238151722462e-01 -3.489539821614033588e-02 -3.502809783072186045e-02 -4.953409967039870687e-01 3.480604359779494728e-02 9.993890976052406394e-01 -3.157675862278618711e-03 1.139597749645049518e+01 3.511688743852491024e-02 1.934624283888128522e-03 9.993813393522565924e-01 6.668480876381485678e-02
9.987157952160000685e-01 -3.478249335557213190e-02 -3.683664672635252046e-02 -4.844942071004527673e-01 3.470856583600574058e-02 9.993939769099189352e-01 -2.644687842473954914e-03 1.182791305035273410e+01 3.690631170518360316e-02 1.362744343615171841e-03 9.993178008442428206e-01 6.293781143743537587e-02
9.984473958237463087e-01 -3.537332419083770441e-02 -4.302935868066230102e-02 -5.270112522610876926e-01 3.530234363514379858e-02 9.993737755691601832e-01 -2.408576033266208311e-03 1.226440118493599130e+01 4.308761198587610780e-02 8.857992615135365684e-04 9.990709049176754730e-01 5.549558455250176714e-02
9.984228215637709347e-01 -3.502915829668805381e-02 -4.387285549931718709e-02 -5.439569575037361826e-01 3.491128123789366544e-02 9.993844593341487670e-01 -3.450345449343522521e-03 1.269791302884199169e+01 4.396671266955365365e-02 1.913246041857145311e-03 9.990311645122068596e-01 7.782453133796002342e-02
9.979530995623235867e-01 -3.474679358711955240e-02 -5.368678989626096687e-02 -5.497328714593803234e-01 3.456590920174618803e-02 9.993931938985753938e-01 -4.294404529289135020e-03 1.276533700309446573e+01 5.380342921234480824e-02 2.429881605891192307e-03 9.985485900447577112e-01 8.783737793131275728e-02
9.981232492249991761e-01 -3.475274147820103798e-02 -5.042049500232435172e-02 -5.378520601891815245e-01 3.459981893228547545e-02 9.993936262236560175e-01 -3.902869890787471346e-03 1.270259818276466568e+01 5.052555676470225215e-02 2.151005179138581677e-03 9.987204520236562244e-01 8.302994528374886551e-02
9.981157864619119024e-01 -3.496182206031021866e-02 -5.042368306403455236e-02 -5.402486150061149850e-01 3.487839969273269503e-02 9.993883518483391848e-01 -2.533658369645338908e-03 1.265353356793482931e+01 5.048142282456966057e-02 7.701870443572900616e-04 9.987247031897847904e-01 5.854990192212518318e-02
9.985215052738325436e-01 -3.488031398738532934e-02 -4.169133245437286334e-02 -5.390157694211231698e-01 3.480386877851496946e-02 9.993908875493345834e-01 -2.558241857429642638e-03 1.253082586215950478e+01 4.175517002393289850e-02 1.103439846391736975e-03 9.991272632636835072e-01 5.442704050974592200e-02
9.982731453530959698e-01 -3.537942788156307056e-02 -4.689374531437801724e-02 -5.500542821666505322e-01 3.525035189590499524e-02 9.993721121424808951e-01 -3.576892938220472586e-03 1.251457373137827211e+01 4.699084972684936662e-02 1.917695139979857209e-03 9.988934790493422256e-01 7.361656008493591696e-02
9.977024027678250695e-01 -3.574250480233118199e-02 -5.755335665071024259e-02 -5.547052224590001135e-01 3.557713471100418245e-02 9.993593401039629898e-01 -3.895745464816170733e-03 1.254692293107788537e+01 5.765572822420667737e-02 1.839211088186164418e-03 9.983348307584533066e-01 9.193679764519098463e-02
9.971860101510443553e-01 -3.601603941458732944e-02 -6.574881036131467738e-02 -5.579085896571186476e-01 3.585599676181767254e-02 9.993504361226419608e-01 -3.612937544679171650e-03 1.256926011024406087e+01 6.583622601013632003e-02 1.245281643694871486e-03 9.978296651324664035e-01 7.565594827176236326e-02
9.978400585972486692e-01 -3.573969112959603234e-02 -5.511707481897368255e-02 -5.371279009719207576e-01 3.563063148084437415e-02 9.993606426394350262e-01 -2.960412736728063477e-03 1.252350280256328752e+01 5.518763954832214824e-02 9.901622375117938128e-04 9.984755099749957896e-01 5.545143325162057990e-02
9.985250135072588629e-01 -3.543490710957558631e-02 -4.113593026131972391e-02 -5.205426223468936353e-01 3.536288219453329051e-02 9.993714668472706286e-01 -2.477461287345718646e-03 1.247250038719734277e+01 4.119786357596678245e-02 1.019122009617008271e-03 9.991504878781302113e-01 7.353123036193504047e-02
9.982087332957758630e-01 -3.545944235491069879e-02 -4.818664462194208187e-02 -5.161926092347791650e-01 3.534053155896115656e-02 9.993698212511723522e-01 -3.317710284200709597e-03 1.244672633609877366e+01 4.827392257909693396e-02 1.608825745252169363e-03 9.988328389067655522e-01 9.289679389618506200e-02
9.977570988331770918e-01 -3.572812585412335484e-02 -5.660629603633951512e-02 -5.310113557276913143e-01 3.557472378012083158e-02 9.993601116615854485e-01 -3.715675942758742481e-03 1.241226713536565462e+01 5.670282846534104026e-02 1.693588703142666699e-03 9.983896639095051206e-01 7.715664807144174964e-02
9.978583197622519219e-01 -3.577968565874450196e-02 -5.475936244531095370e-02 -5.411622604573913531e-01 3.566260595520175797e-02 9.993590351574090924e-01 -3.114062577476027840e-03 1.238824396761658875e+01 5.483568379932456799e-02 1.154531685949538146e-03 9.984947244922461884e-01 6.859484720691361170e-02
9.981359306116854846e-01 -3.562115627673968082e-02 -4.955600112451175043e-02 -5.452361044438480686e-01 3.551934028788755054e-02 9.993646823324595641e-01 -2.933968652752313479e-03 1.230560132103511073e+01 4.962902867735544121e-02 1.168303064351972412e-03 9.987670371916025358e-01 7.056298158778731566e-02
9.982422558400377843e-01 -3.557737294517430982e-02 -4.739883110069851441e-02 -5.380177561551190424e-01 3.544888321323695635e-02 9.993651894121728940e-01 -3.548925204348677385e-03 1.221390866761062810e+01 4.749500325641480697e-02 1.862451473663985632e-03 9.988697392253813589e-01 7.308742764904851974e-02
9.981535835075081575e-01 -3.552327222963679032e-02 -4.926987782833489038e-02 -5.315899160408862345e-01 3.540771386987787150e-02 9.993677740788745600e-01 -3.216509155047798160e-03 1.210762676074475053e+01 4.935298906478501058e-02 1.466036402946146056e-03 9.987803227975792231e-01 8.754053504236605776e-02
9.979952582854764165e-01 -3.581504222116899117e-02 -5.217995008047659339e-02 -5.301838169056843908e-01 3.574387292843718422e-02 9.993583443255152909e-01 -2.296774921633919480e-03 1.198630485061730333e+01 5.222872761020396631e-02 4.270569760508974256e-04 9.986350572829687522e-01 7.886735368813940772e-02
9.977826978509066747e-01 -3.590834906432915224e-02 -5.603818641641238052e-02 -5.245646590261130449e-01 3.583264171720396823e-02 9.993550286534709226e-01 -2.355523845541785885e-03 1.185331839296060075e+01 5.608662636433740800e-02 3.423046811156344685e-04 9.984258476074087119e-01 5.092177304266938542e-02
9.976437747975276382e-01 -3.618226837561300951e-02 -5.829015408227308098e-02 -5.173851083652929450e-01 3.607948959929706961e-02 9.993449584418920839e-01 -2.815042988527693968e-03 1.171920897517769511e+01 5.835382624982047434e-02 7.053311053392865692e-04 9.982957144403844518e-01 5.670298178130968314e-02
9.981739931137801891e-01 -3.613374475107283823e-02 -4.840487539035172315e-02 -5.141789501956787189e-01 3.606906486216958363e-02 9.993468574393393755e-01 -2.209318013644201266e-03 1.166228371990599655e+01 4.845309103926977168e-02 4.593651936376051811e-04 9.988253535790724280e-01 7.126738164664579711e-02
9.984201389055489262e-01 -3.626930334262975369e-02 -4.291577638659962307e-02 -5.352865388160750193e-01 3.620064596088747727e-02 9.993417169263626443e-01 -2.376140291350836362e-03 1.148902110580358737e+01 4.297370661042396872e-02 8.188074926416654808e-04 9.990758680372833211e-01 8.004541084099214832e-02
9.984183916445443785e-01 -3.679627680752431407e-02 -4.250587299450874629e-02 -5.644942774603546320e-01 3.674053063891552506e-02 9.993226486265782693e-01 -2.092211827534593872e-03 1.152758388920081423e+01 4.255406718860336307e-02 5.272144387381818773e-04 9.990940263111592889e-01 5.431395863853116790e-02
9.983586084085641632e-01 -3.668661277783560881e-02 -4.397932991081621862e-02 -5.532865776767864618e-01 3.665128112158086426e-02 9.993268196238755952e-01 -1.609711954641082545e-03 1.147453420927273093e+01 4.400877876812892692e-02 -4.828997125974252534e-06 9.990311443433675942e-01 4.585230831775339438e-02
9.980600953520690766e-01 -3.627431804266383758e-02 -5.059861575535990613e-02 -5.473105259478898699e-01 3.622136451597086221e-02 9.993418623066728790e-01 -1.963413871806913777e-03 1.143175676371987493e+01 5.063653639833643610e-02 1.268541308327454913e-04 9.987171396795038181e-01 5.013337179850029662e-02
9.977386186937077239e-01 -3.652799948397145863e-02 -5.642121959751642685e-02 -5.475103161669945262e-01 3.641298664550048775e-02 9.993321254677928200e-01 -3.065519789245608161e-03 1.136483221346391126e+01 5.649551460715084711e-02 1.004122364372923197e-03 9.984023480378793058e-01 6.323332915710326574e-02
9.977809994390566262e-01 -3.636198031574228162e-02 -5.577529512171964382e-02 -5.370965587271883113e-01 3.624305264173161012e-02 9.993380633928601320e-01 -3.142640516582990724e-03 1.132126598126248496e+01 5.585264804470799899e-02 1.114200038309248655e-03 9.984384008363603735e-01 8.257625748852467917e-02
9.981397122454175319e-01 -3.745504068568329681e-02 -4.810649400932227870e-02 -5.776775697965164102e-01 3.741265435117210880e-02 9.992983135488233692e-01 -1.781525435486370872e-03 1.140620150870501170e+01 4.813946544193105359e-02 -2.158034688324759684e-05 9.988406236238360769e-01 5.754946868615873345e-02
9.984192048742228653e-01 -3.768253082610679983e-02 -4.170273622754444576e-02 -5.734695722986054012e-01 3.767025278214601591e-02 9.992896400070864216e-01 -1.080476671102227745e-03 1.141689833930816533e+01 4.171382736759907117e-02 -4.921839565517241010e-04 9.991294782766141358e-01 1.727801621429454412e-02
9.981902039422527739e-01 -3.827257891531350015e-02 -4.638454976492629306e-02 -5.907633029277720160e-01 3.824986061709046564e-02 9.992672567515282767e-01 -1.377587401392668231e-03 1.144583284756201813e+01 4.640328562178518829e-02 -3.991083141505015258e-04 9.989227076185908105e-01 2.103096876035167109e-02
9.979412001764836893e-01 -3.855247238490752681e-02 -5.125493013682039245e-02 -5.898429469615169563e-01 3.850702391099194988e-02 9.992565717623596022e-01 -1.874272993630662736e-03 1.145486319948209797e+01 5.128908363226711287e-02 -1.032605796126097363e-04 9.986838434847211676e-01 5.998861600391043603e-02
9.980769978074010007e-01 -3.817594253831103901e-02 -4.883547746338649104e-02 -5.795475245463653780e-01 3.813816374082927563e-02 9.992710201563517192e-01 -1.705503492145069629e-03 1.146351153816571511e+01 4.886498658797575750e-02 -1.602716306700228488e-04 9.988053801410770038e-01 5.920366177488563947e-02
9.980429599627985704e-01 -3.760469785201500659e-02 -4.996135274543955090e-02 -5.630358540263556977e-01 3.756423742112272035e-02 9.992926845829037674e-01 -1.748887092621075924e-03 1.147359853633095916e+01 4.999178068107901912e-02 -1.312956658498807888e-04 9.987496205885552092e-01 4.006741531663447070e-02
9.982981056013550125e-01 -3.803336528766519675e-02 -4.420809289757763466e-02 -5.763044538716765031e-01 3.798065133507977365e-02 9.992764086865112416e-01 -2.032035125620840731e-03 1.148823560088855622e+01 4.425338943978113920e-02 3.495246538909845815e-04 9.990202777499600506e-01 4.784351791729259118e-02
9.986451403388562076e-01 -3.908926181033868519e-02 -3.434986591980977721e-02 -6.060747167557736237e-01 3.904687181602756185e-02 9.992355655747819920e-01 -1.904282496969132927e-03 1.153168273335822747e+01 3.439804469688392818e-02 5.604476499620214287e-04 9.994080550102959482e-01 6.659858744498654837e-02
9.986277826940900271e-01 -3.960804628919672998e-02 -3.426009779084306095e-02 -6.214263859407628265e-01 3.957488126676916851e-02 9.992152520104523594e-01 -1.645880435894961358e-03 1.159139534866283761e+01 3.429840235647139968e-02 2.877826280168527045e-04 9.994115952784181633e-01 5.239483579862022622e-02
9.984477258279047529e-01 -3.926641912992854394e-02 -3.950046984275024098e-02 -6.141633589546537930e-01 3.925368542386888787e-02 9.992286736091020583e-01 -1.098188525969295403e-03 1.159402047728790031e+01 3.951312401885204162e-02 -4.540551810179958153e-04 9.992189484112895537e-01 3.532283790837821569e-02
9.980306081704597432e-01 -3.965527107955169744e-02 -4.860416268705410742e-02 -6.069497394825843495e-01 3.965649073739786062e-02 9.992129302159282744e-01 -9.395912372458039858e-04 1.149476231383514424e+01 4.860316756443997660e-02 -9.897297134580753438e-04 9.988176773254452412e-01 3.088031087085885487e-02
9.976678102739949816e-01 -3.994159761485334414e-02 -5.534987916034696948e-02 -5.953934457331924168e-01 3.991082168649691397e-02 9.992018639676801817e-01 -1.661732777027552727e-03 1.139707141920406919e+01 5.537207468932799775e-02 -5.512018566201559635e-04 9.984656376266098921e-01 3.701078806530532644e-02
9.972813988678466135e-01 -4.086292443639114036e-02 -6.131910696265004124e-02 -5.980424459861608533e-01 4.079877262823818074e-02 9.991647399103238403e-01 -2.298406396675638751e-03 1.136698900411481006e+01 6.136180916678102282e-02 -2.095863562922874439e-04 9.981155666802010717e-01 3.881767035036845503e-02
9.973576019398205927e-01 -4.362802382301968901e-02 -5.808966681044318292e-02 -6.594165444774994222e-01 4.361868002620043067e-02 9.990472298774686344e-01 -1.429414890179437920e-03 1.140350798141660249e+01 5.809668325836012115e-02 -1.108156782386879573e-03 9.983103462265245920e-01 1.876210269045119200e-02
9.982605342856304409e-01 -4.609436130498965889e-02 -3.675888387387078737e-02 -7.342378546403052209e-01 4.612806294192633993e-02 9.989355319910454556e-01 6.881128355121582125e-05 1.149556551124491932e+01 3.671658340577631241e-02 -1.764307697691589513e-03 9.993241614818259011e-01 -1.423064217248179442e-03
9.985798873416139587e-01 -4.765704391954688618e-02 -2.381207176328599406e-02 -7.968175353769483271e-01 4.771233936890115906e-02 9.988595688045397436e-01 1.759113286780288835e-03 1.144552894104896801e+01 2.370108159465105641e-02 -2.892744796780726945e-03 9.997149047397384525e-01 -1.239128531943919573e-02
9.987162717230624320e-01 -4.859401939234583162e-02 -1.429789756860673500e-02 -8.022897901274086419e-01 4.861060132293597985e-02 9.988174739910541389e-01 8.143028629040864391e-04 1.146913716328847777e+01 1.424141968374741107e-02 -1.508286917756702841e-03 9.998974482595528457e-01 3.018160501383278238e-02
9.984062316081502297e-01 -4.926226589423086250e-02 -2.753590101991756564e-02 -8.473226627979438819e-01 4.926486173657252526e-02 9.987855784468651077e-01 -5.845379692884944021e-04 1.142182488277950370e+01 2.753125649310235110e-02 -7.729460053889789179e-04 9.996206442798106773e-01 3.559783901076822576e-02
9.983969268965607879e-01 -5.035478237657790151e-02 -2.584515922394104923e-02 -8.948231275138743834e-01 5.036761899201217668e-02 9.987307340273251510e-01 -1.544872674009800748e-04 1.139363271162019942e+01 2.582013401550966800e-02 -1.147519519561566136e-03 9.996659461431970373e-01 2.620530364041008184e-02
9.983551095856770807e-01 -5.174254013599802887e-02 -2.469381915470811664e-02 -9.164998024982894398e-01 5.177892282137291219e-02 9.986582221132053183e-01 8.357973140488088705e-04 1.135560352432506193e+01 2.461743925815809350e-02 -2.113041875235184639e-03 9.996947117687501327e-01 1.047984113049156736e-02
9.982526239166833459e-01 -5.455483246115114260e-02 -2.270394456019656990e-02 -9.677388620103335448e-01 5.458725907724203130e-02 9.985086751082017376e-01 8.104813986799614886e-04 1.131721182945626225e+01 2.262586992561407481e-02 -2.048411286650724840e-03 9.997419037038058898e-01 1.499314214994185851e-02
9.984110831482089221e-01 -5.634403459154795762e-02 -8.116728200422925789e-04 -9.795738496697669051e-01 5.634556566192246846e-02 9.984093107430521696e-01 2.006352865631215454e-03 1.144086129389378215e+01 6.973356855433181754e-04 -2.048899101930064942e-03 9.999976578649630854e-01 1.078250375810710718e-02
9.983171362855639552e-01 -5.700432688446341323e-02 1.064904291662088255e-02 -1.003316240935520076e+00 5.697626108174107251e-02 9.983712608547636869e-01 2.920817079994892252e-03 1.153872801153327288e+01 -1.079819761516103392e-02 -2.309159093426406666e-03 9.999390314976934757e-01 1.975664338880160284e-02
9.983026679616443522e-01 -5.788121117241020602e-02 6.445815222123450414e-03 -1.021758334943905000e+00 5.786623457679292842e-02 9.983212493259747689e-01 2.486370875074441628e-03 1.167292851633639472e+01 -6.578908463147783645e-03 -2.109155622446885411e-03 9.999761344282142028e-01 2.700174714484185334e-02
9.982267699436155883e-01 -5.936676799848832758e-02 4.347714957266690314e-03 -1.025763696714729001e+00 5.935657146277351776e-02 9.982338671418119480e-01 2.438014620129860290e-03 1.150374604453357641e+01 -4.484773363352798428e-03 -2.175626005766771558e-03 9.999875766525113674e-01 6.798684319644362345e-03
9.980443753564006704e-01 -6.226401241682510967e-02 -5.533315209668666565e-03 -1.076114441825422485e+00 6.227634861616274109e-02 9.980567651229174109e-01 2.085664262499800203e-03 1.135175285688922742e+01 5.392700853029730457e-03 -2.426180153070222733e-03 9.999825160608432073e-01 1.847102021366023306e-02
9.979349398789990611e-01 -6.423229399070987111e-02 -2.611080036226155212e-04 -1.109210282872676867e+00 6.423270746080872451e-02 9.979326399116174029e-01 2.146040839393978036e-03 1.120600755613163635e+01 1.227230732451451214e-04 -2.158380810050873275e-03 9.999976631629325929e-01 3.268160485395227299e-02
9.976550068106604385e-01 -6.565087285084007795e-02 1.935071780435910702e-02 -1.094081548814187732e+00 6.561775874304402734e-02 9.978420842233090005e-01 2.341941592453562933e-03 1.096021642662647011e+01 -1.946271109482904452e-02 -1.066699022978266154e-03 9.998100144677655177e-01 4.684729341832968852e-02
9.970345458497542612e-01 -6.583828059648741404e-02 3.984263031317697434e-02 -1.101959034615497712e+00 6.576201996291469731e-02 9.978301302042377197e-01 3.223040023202661079e-03 1.071668206144393309e+01 -3.996837640649801571e-02 -5.933503957592726596e-04 9.992007690262935116e-01 7.208888163019554207e-02
9.966877726974893159e-01 -6.744886232742276777e-02 4.543274948816303227e-02 -1.160697433360624808e+00 6.731277283376528586e-02 9.977216828746013899e-01 4.520413178371742759e-03 1.052445707932437990e+01 -4.563413600308126317e-02 -1.447236196913626429e-03 9.989571718240189968e-01 4.472146961105553931e-02
9.967946987965258243e-01 -6.917706855425770351e-02 4.018534107585673698e-02 -1.187161478752071231e+00 6.906247496698730837e-02 9.976033496509070231e-01 4.234538549168146218e-03 1.032543650153774983e+01 -4.038196382765031622e-02 -1.445666465569137461e-03 9.991832699989990907e-01 5.132047030863302189e-02
9.974324644458651967e-01 -7.071385474459400411e-02 1.131501730481733296e-02 -1.120110988125278428e+00 7.067483736326697630e-02 9.974921222764628892e-01 3.812264428630335756e-03 1.004153399557997162e+01 -1.155622053803129386e-02 -3.002789296387547383e-03 9.999287159709525641e-01 4.134253108358203893e-02
9.972374912963118954e-01 -7.424053276311917693e-02 2.393584777382249968e-03 -1.133612290863152960e+00 7.422907174514006834e-02 9.972307625910856732e-01 4.566294981343638551e-03 9.830144440549480223e+00 -2.725960545043824238e-03 -4.376006975545687627e-03 9.999867097627131995e-01 -1.451278936567282352e-03
9.967515414471848079e-01 -7.831210972248599245e-02 1.880367234011129027e-02 -1.167895649621890630e+00 7.823217844030723456e-02 9.969228746543947750e-01 4.950580501505487743e-03 9.624948294917958336e+00 -1.913350148678697252e-02 -3.463446496089316994e-03 9.998109389575730033e-01 -4.690518806947467471e-03
9.963462477282782892e-01 -8.050168169856627975e-02 2.852426829005631076e-02 -1.164972332308222391e+00 8.037155802647188985e-02 9.967487829240779806e-01 5.681232240166264082e-03 9.406149962597581293e+00 -2.888887845136699911e-02 -3.367934540925665750e-03 9.995769553759981108e-01 2.840039383242195029e-02
9.965160797574327267e-01 -8.212838249979653726e-02 1.451315171991154895e-02 -1.127408225697895894e+00 8.204392909724128602e-02 9.966086579098274445e-01 6.322711242771238832e-03 9.137584250454773738e+00 -1.498320670500483121e-02 -5.109967430398711444e-03 9.998746880233019274e-01 6.775255636900231332e-03
9.964842389714458903e-01 -8.281095899174870101e-02 1.270852282388429226e-02 -1.030651068464025988e+00 8.273962536770723686e-02 9.965528910765931725e-01 6.040668911244878071e-03 8.915957794598504904e+00 -1.316494874694659235e-02 -4.967932945475181210e-03 9.999009969825710664e-01 2.776838881349530039e-02
9.964714866950081795e-01 -8.311923076630305107e-02 1.165202474500689339e-02 -9.564839105873620406e-01 8.304931485424994764e-02 9.965251318789817292e-01 6.361826452965221000e-03 8.608599729856761584e+00 -1.214032561671433974e-02 -5.371685991944295975e-03 9.999118748587417782e-01 2.153639846980258399e-02
9.957810910691948791e-01 -8.693558442975003742e-02 2.936363105785315050e-02 -1.056582810949866502e+00 8.672897799576619049e-02 9.961978622574951814e-01 8.240364640394017351e-03 8.093157131323595266e+00 -2.996836740387799972e-02 -5.658921580527224299e-03 9.995348285886248574e-01 -3.303345879877184199e-03
9.954977076553495063e-01 -8.901421897145976592e-02 3.256966186261894131e-02 -1.040610785196765642e+00 8.881090430505152178e-02 9.960192063257142792e-01 7.639627400150290036e-03 7.180219464807557905e+00 -3.312004422495994777e-02 -4.712690441261674183e-03 9.994402699608123664e-01 1.647421748763822774e-02
9.950305731494614170e-01 -9.073101633552631273e-02 4.101269526106131325e-02 -9.715484179694705569e-01 9.045410185761536270e-02 9.958638220779175709e-01 8.561736593347047189e-03 6.217916245536482478e+00 -4.161987451910886815e-02 -4.809423155033450657e-03 9.991219422542623185e-01 1.809087255266699640e-02
9.956470901895231318e-01 -9.032112670346514882e-02 2.299925799133999832e-02 -7.915076083207642776e-01 9.013374660976194996e-02 9.958884627603502571e-01 9.059661302372935821e-03 5.182414811259920207e+00 -2.372297450200639563e-02 -6.947216121806256035e-03 9.996944316484582815e-01 6.942740232819887697e-03
9.955932463874949123e-01 -9.282297132858309541e-02 1.334105473124133460e-02 -7.721225368866728722e-01 9.270486921704167160e-02 9.956509861736563272e-01 9.215256636510302593e-03 4.015964090024375821e+00 -1.413842180231348993e-02 -7.937866536960077116e-03 9.998685390108947857e-01 -3.278956267736634483e-02
9.955141433876507628e-01 -9.450407390804399510e-02 4.535452561208151712e-03 -7.314891478133201952e-01 9.446448759946043938e-02 9.954939036342626002e-01 8.267309694753168653e-03 2.563137497805069831e+00 -5.296309821318758576e-03 -7.801784526666431796e-03 9.999555396418763342e-01 -1.061505509838228667e-02
9.954466817081404351e-01 -9.452817354453094123e-02 1.226084346964267588e-02 -6.058858169507366220e-01 9.443260958233998248e-02 9.954978677023500477e-01 8.153382582941572435e-03 1.067339813216772848e+00 -1.297636789403682281e-02 -6.958434192367186737e-03 9.998915911586960803e-01 3.072884984509333811e-02
9.955598233804054953e-01 -9.324349853274013777e-02 1.289527247291114356e-02 -4.473345015951299408e-01 9.314918562355489762e-02 9.956221407203758034e-01 7.731890134037545763e-03 -4.662698724432835506e-01 -1.355976727102076521e-02 -6.496375046993601264e-03 9.998869585222144307e-01 1.506932831748834800e-02
9.955173773125203240e-01 -9.293643567132037209e-02 1.754908526139117853e-02 -3.506983787921412743e-01 9.280298457199295803e-02 9.956501183022770096e-01 8.273329389811644174e-03 -2.017391818102694856e+00 -1.824164256122474265e-02 -6.607635687022408305e-03 9.998117730989649621e-01 -1.259145686214035303e-02
9.954653428182589359e-01 -9.374387775641138121e-02 1.615043748377348320e-02 -2.977017619528594672e-01 9.359308979404701301e-02 9.955617689133814396e-01 9.853822652265248686e-03 -3.745495905111865920e+00 -1.700249365621782360e-02 -8.297569598975597718e-03 9.998210167566095041e-01 -2.476320883226833941e-02
9.955247757113000473e-01 -9.428794383954193503e-02 6.340709067380568068e-03 -2.336450876284244527e-01 9.422941354004986392e-02 9.955100882998614287e-01 8.971160298447198103e-03 -5.331663340145025742e+00 -7.158112101947278205e-03 -8.333531047134417821e-03 9.999396550249531890e-01 -2.757924404686417155e-02
9.955333312061515061e-01 -9.417724032214236374e-02 -6.635801601053773792e-03 -1.760318073647268722e-01 9.422332061106727941e-02 9.955263949691774972e-01 7.011616981646768242e-03 -6.743432575047723532e+00 5.945780908100397298e-03 -7.605545672647952109e-03 9.999534005964548777e-01 2.409990978138570883e-03
9.955804558799374870e-01 -9.336344395059495427e-02 -1.014017768976078170e-02 -7.232741956966702579e-02 9.344349800863779865e-02 9.955945773471385207e-01 7.729827739504939801e-03 -8.299304127571932810e+00 9.373822582357244429e-03 -8.643199098530110133e-03 9.999187099757348429e-01 1.766087373577340108e-02
9.956949036869229275e-01 -9.261331211727502621e-02 -3.799103915071135908e-03 4.223216124258524773e-02 9.264220722242452744e-02 9.956648146120115062e-01 8.306526625859379787e-03 -9.981321499107828288e+00 3.013339152279899923e-03 -8.622723600867458760e-03 9.999582833422884232e-01 4.172115890153622886e-02
9.956843604186286223e-01 -9.211485413150563573e-02 1.129194695692358093e-02 1.299321875002487914e-01 9.202768413475365117e-02 9.957242194745288266e-01 8.011498276504533389e-03 -1.173334684450728638e+01 -1.198164306514553669e-02 -6.937751809618204757e-03 9.999041493209674947e-01 7.796792768813906593e-02
9.958872211251988960e-01 -9.051172353367605006e-02 -4.033695885002869068e-03 2.664884077175520005e-01 9.054088209126311126e-02 9.958625665801433824e-01 7.752235454728776884e-03 -1.340428459326567889e+01 3.315338544596347324e-03 -8.085566608034141026e-03 9.999618153424468803e-01 7.674840360291113051e-02
9.959654771830099840e-01 -8.941813303331712370e-02 -7.560803162046148690e-03 3.387077001349722005e-01 8.947305038790660803e-02 9.959627355096691836e-01 7.266548725491951514e-03 -1.512070668401675277e+01 6.880516979292518320e-03 -7.913719791148982746e-03 9.999450142508661266e-01 9.799745585488749133e-02
9.960491007598727409e-01 -8.814960380515581007e-02 -1.076272383938749189e-02 4.349948068530379852e-01 8.822899827203582734e-02 9.960746386580119349e-01 7.138493274072944123e-03 -1.682581998983407701e+01 1.009122090541856795e-02 -8.059874149448474287e-03 9.999165993668337471e-01 7.784764464048352095e-02
9.961546221811656832e-01 -8.684213205203759889e-02 -1.159365377072640868e-02 5.322149677046787986e-01 8.693596349697139958e-02 9.961829741854919540e-01 7.849853106955484786e-03 -1.841085514142928758e+01 1.086770251489575095e-02 -8.827572916945287604e-03 9.999019786951337530e-01 6.150204566834150538e-02
9.962790678104865849e-01 -8.502824707016580497e-02 -1.407892903749045389e-02 6.326905915743841202e-01 8.515346501575070393e-02 9.963311958914650157e-01 8.546080346832506461e-03 -2.002292266807168986e+01 1.330061797358197441e-02 -9.713150552628989701e-03 9.998643649354960194e-01 6.606593707908900437e-02
9.965691658609451276e-01 -8.146156621295796985e-02 -1.462569264520501358e-02 8.182095689718623666e-01 8.157749566725772117e-02 9.966386919278227285e-01 7.511987290786640778e-03 -2.179256384012257897e+01 1.396459293637618629e-02 -8.679342286732118564e-03 9.998648204440393483e-01 1.169039374097822492e-01
9.966816931082973507e-01 -7.910309958244174378e-02 -1.919120265194566508e-02 9.482934582072830576e-01 7.924438532112584865e-02 9.968325980409534770e-01 6.715569819449793837e-03 -2.348367781266587784e+01 1.859919401088865401e-02 -8.214080555562797495e-03 9.997932780644066542e-01 1.427851532066273244e-01
9.967476748540367026e-01 -7.662881670573429282e-02 -2.494187489645611697e-02 1.072729367723201488e+00 7.683069440932152605e-02 9.970178854578267691e-01 7.237435580727985193e-03 -2.515993758580156481e+01 2.431289924408316580e-02 -9.130198655161641044e-03 9.996627043172433558e-01 1.210530690102134127e-01
9.969644805496312712e-01 -7.393063116336359708e-02 -2.441487862330354863e-02 1.195609825159374084e+00 7.413168820948870530e-02 9.972207520494275057e-01 7.434008688808532543e-03 -2.679992739998774809e+01 2.379742266748871571e-02 -9.221358780614693357e-03 9.996742715588032846e-01 1.200885256605733198e-01
9.972276153527713793e-01 -7.164783948323874552e-02 -2.009154735725989654e-02 1.281935193912183246e+00 7.180181766985849201e-02 9.973940081853831519e-01 7.049213800143486544e-03 -2.844662454656640804e+01 1.953412801046817970e-02 -8.472280288080238919e-03 9.997732934568670515e-01 1.662504688093847105e-01
9.974709057939001866e-01 -6.897554649341158806e-02 -1.715127052528349696e-02 1.369712126816832409e+00 6.910485361910348456e-02 9.975843937803474670e-01 7.063744911799825152e-03 -3.018106882555816384e+01 1.662261414394622730e-02 -8.231116074501384355e-03 9.998279539136668559e-01 1.879841324299934280e-01
9.975630200497933586e-01 -6.587777985819613658e-02 -2.298127825188532591e-02 1.436568317606456535e+00 6.604477390943654103e-02 9.977949382141509949e-01 6.584004364362720622e-03 -3.193930050306770596e+01 2.249686352332123940e-02 -8.085752604030313484e-03 9.997142150316956632e-01 1.878418462775034992e-01
9.975193841081723134e-01 -6.293749755711554317e-02 -3.152696829225293956e-02 1.487129238680746202e+00 6.319269530634992471e-02 9.979756333524900658e-01 7.163692805751884635e-03 -3.360651169866846999e+01 3.101228125068306377e-02 -9.138196536759058547e-03 9.994772292432099192e-01 1.467732909109743522e-01
9.977090738672693693e-01 -6.012807258177835928e-02 -3.100352900100386208e-02 1.534349528524206363e+00 6.042464925052930952e-02 9.981346845488153763e-01 8.718558572794094658e-03 -3.526458917360804435e+01 3.042146751664359314e-02 -1.057196236453420909e-02 9.994812494118620050e-01 1.151537770827276430e-01
9.978654609813725207e-01 -5.773493347459884850e-02 -3.051555729650990909e-02 1.568040637301552742e+00 5.802725735433307552e-02 9.982763748965493011e-01 8.781613025988919963e-03 -3.692973088866907716e+01 2.995595407205271440e-02 -1.053360242689393642e-02 9.994957148660243984e-01 1.097521412266085489e-01
9.979944788294838887e-01 -5.357402866025934296e-02 -3.371711255396152990e-02 1.674576321559676284e+00 5.385884581279344607e-02 9.985196683626934577e-01 7.595829156213979375e-03 -3.869175549238948975e+01 3.326026087661582836e-02 -9.396560326329983850e-03 9.994025513777984315e-01 1.758852106517721503e-01
9.979038313164888541e-01 -4.962600966709383721e-02 -4.153555836140893770e-02 1.713131818562501074e+00 4.997746449495495125e-02 9.987224417946987121e-01 7.465741643674895199e-03 -4.039730300772228588e+01 4.111199930103150851e-02 -9.525934083127683347e-03 9.991091332248523971e-01 2.175849646589830821e-01
9.979473238417457814e-01 -4.607917724030506645e-02 -4.447300599188708237e-02 1.729930594364178953e+00 4.647092534611513281e-02 9.988890736977701357e-01 7.814828512937828722e-03 -4.205514501863002863e+01 4.406349889164121181e-02 -9.865488942134790704e-03 9.989800199169945882e-01 2.088547963453960821e-01
9.982109320720865542e-01 -4.257938970424130637e-02 -4.197535782087574718e-02 1.756605758081372981e+00 4.292684331090509259e-02 9.990507320275980874e-01 7.410867593024481753e-03 -4.374951361664853522e+01 4.161996173877635652e-02 -9.199478655591696030e-03 9.990911611946770021e-01 2.133290761577742445e-01
9.983299169700319275e-01 -3.906553499494148235e-02 -4.255891044385566591e-02 1.773865369221778510e+00 3.944773233072377400e-02 9.991881718921550304e-01 8.177625864319174390e-03 -4.549155387176512022e+01 4.220489659473998512e-02 -9.842821057614208405e-03 9.990604914503701250e-01 1.924510961848973356e-01
9.983245373074377538e-01 -3.626892191750246547e-02 -4.508529153540498380e-02 1.729010039476608140e+00 3.669437045003341030e-02 9.992891431898732746e-01 8.644737134499674847e-03 -4.718350716424757252e+01 4.473970705275198689e-02 -1.028462958939171945e-02 9.989457367680403266e-01 2.087786634200590463e-01
9.984299184172492625e-01 -3.240278797422484203e-02 -4.569198333211640928e-02 1.723814508345170360e+00 3.282501052183005308e-02 9.994247936398473753e-01 8.520595178171873688e-03 -4.889542951147276284e+01 4.538960997372327999e-02 -1.000705698224855535e-02 9.989192370341994920e-01 2.265159111822666327e-01
9.984954753937727023e-01 -2.824389020663297181e-02 -4.700072642161524927e-02 1.734225558642504383e+00 2.867815853889972219e-02 9.995517789581201962e-01 8.590948985697987803e-03 -5.060224472285725028e+01 4.673701788712661398e-02 -9.925917975320696848e-03 9.988579114725806285e-01 2.327113374080748698e-01
9.984874634866123255e-01 -2.437003619947804636e-02 -4.928373561031289957e-02 1.729948544389128262e+00 2.480823069916239174e-02 9.996577796869376975e-01 8.299108443623149853e-03 -5.234733310707332521e+01 4.906462014168897628e-02 -9.509198021810773629e-03 9.987503382744526981e-01 2.383378310890679197e-01
9.985643585167629510e-01 -2.079482120129714021e-02 -4.936392722638530822e-02 1.672735622340479900e+00 2.124075728875787425e-02 9.997380322691641341e-01 8.526257348906713177e-03 -5.409913426778646084e+01 4.917369347329789836e-02 -9.562543897195423595e-03 9.987444646276686377e-01 2.458062729192907747e-01
9.985547384272255300e-01 -1.680648798358541640e-02 -5.104876419848671659e-02 1.637422036391602109e+00 1.734505763178145060e-02 9.997982918156679277e-01 1.012544607524021659e-02 -5.581122854100979680e+01 5.086829405715587865e-02 -1.099625591417444440e-02 9.986448312666443838e-01 2.426856878006827256e-01
9.985402198624865333e-01 -1.215835516504778016e-02 -5.262702458488018736e-02 1.632979137740668829e+00 1.273724369807404527e-02 9.998618572248565428e-01 1.067844042154499247e-02 -5.752707307073473686e+01 5.248992227040253505e-02 -1.133317548356015288e-02 9.985571426781273408e-01 2.540153094188474792e-01
9.986258232545585090e-01 -7.059411263013972392e-03 -5.192908473846746809e-02 1.647133983651361433e+00 7.618272092185309451e-03 9.999150943638061007e-01 1.057194370729153989e-02 -5.924463344828315314e+01 5.185004396801157212e-02 -1.095302588513065618e-02 9.985948148095277199e-01 2.668045311111079121e-01
9.986311309828109772e-01 -2.521505135245633977e-03 -5.224467670341922942e-02 1.612646011756345477e+00 3.075078950981781790e-03 9.999399547055508597e-01 1.051812116806678972e-02 -6.097403064105559878e+01 5.221501815988476014e-02 -1.066437974351231409e-02 9.985789217098711701e-01 2.825857247995779420e-01
9.983456616651277260e-01 1.721263626008137475e-03 -5.747153283103008381e-02 1.539737513867984076e+00 -1.065564396345526459e-03 9.999340183628675494e-01 1.143780980807360820e-02 -6.271177610948455339e+01 5.748742825118921540e-02 -1.135764818165298576e-02 9.982816233011835294e-01 2.811485142208545174e-01
9.983891666977202650e-01 5.692021228359852962e-03 -5.645062191834161053e-02 1.462315652146726430e+00 -5.051838794195284525e-03 9.999213778846793854e-01 1.147680155800160501e-02 -6.444467545871937375e+01 5.651150984913704683e-02 -1.117313490208479351e-02 9.983394264031800747e-01 2.934697601099742204e-01
9.984392298522124509e-01 9.647968770575082731e-03 -5.500928095078914254e-02 1.380967358050778415e+00 -9.018147448407291128e-03 9.998910477979563449e-01 1.168612639430599912e-02 -6.617575266947000046e+01 5.511603495099797606e-02 -1.117180523044141588e-02 9.984174545044639526e-01 3.017990972379397951e-01
9.984172581554349168e-01 1.391775227381482176e-02 -5.449105237585601808e-02 1.320716120263109028e+00 -1.327931085920478448e-02 9.998390824924582310e-01 1.206105400633820934e-02 -6.789379064126057983e+01 5.465014657334569398e-02 -1.131836084792861921e-02 9.984414134976713484e-01 3.110534776241939969e-01
9.984906800779576042e-01 1.797167811412246977e-02 -5.189778977201246757e-02 1.245852888042670248e+00 -1.736232102785304279e-02 9.997752124308217914e-01 1.216858321378655114e-02 -6.959813752711288259e+01 5.210481365462697745e-02 -1.124915084206124308e-02 9.985782618299624547e-01 3.373088371633453098e-01
9.984760089968088836e-01 2.213723391964863077e-02 -5.055296561222943214e-02 1.148890560657295001e+00 -2.155039727336656788e-02 9.996942461849361861e-01 1.212412974576718150e-02 -7.130731998195386723e+01 5.080590354638492984e-02 -1.101621618882272710e-02 9.986477873333102773e-01 3.504097563461299747e-01
9.981941056165809512e-01 2.618142173615910229e-02 -5.406533703018442244e-02 1.023342774462673743e+00 -2.549042814504145354e-02 9.995848356147409852e-01 1.343110129638183312e-02 -7.304022939840376694e+01 5.439453635519411051e-02 -1.202869755728220094e-02 9.984470666238540737e-01 3.254687268073300777e-01
9.980580121115741887e-01 3.085263250363213042e-02 -5.411394947228220093e-02 9.164761677723611832e-01 -3.012449747722123136e-02 9.994449957651720950e-01 1.422023528989742498e-02 -7.480876729636440814e+01 5.452264769467620592e-02 -1.256246423083363754e-02 9.984335057382696110e-01 3.281605334911514849e-01
9.981111751439595281e-01 3.543602694577361462e-02 -5.018336424595840062e-02 8.235629900059011632e-01 -3.481099628153860176e-02 9.993057443296188280e-01 1.327493456531040998e-02 -7.654664016925485726e+01 5.061893509973156013e-02 -1.150292763277998599e-02 9.986517942031868378e-01 3.676769446539900343e-01
9.979676745510940306e-01 3.958811530159701830e-02 -4.993297185176379105e-02 7.183990027619107099e-01 -3.902393216696319056e-02 9.991635042586893833e-01 1.222393045318543973e-02 -7.826148967337971385e+01 5.037512550167821956e-02 -1.025050654180166380e-02 9.986777627675138547e-01 3.926018076125775136e-01
9.976680906950051719e-01 4.326986698502904155e-02 -5.278351466206832737e-02 5.606733838184205787e-01 -4.259326902804536769e-02 9.989961154686722855e-01 1.387712909818462556e-02 -7.997111710936356133e+01 5.333098763840248696e-02 -1.159654645146670354e-02 9.985095522166583804e-01 3.859804824632549480e-01
9.973233419595950444e-01 4.778195117887761717e-02 -5.534470818501131817e-02 4.259651238338907908e-01 -4.700795264201782647e-02 9.987787968770974745e-01 1.520418682940847394e-02 -8.172356297764818578e+01 5.600360676733698306e-02 -1.256184899913640948e-02 9.983515392780102360e-01 3.921447082690595609e-01
9.971605925675365301e-01 5.234621573746876810e-02 -5.413525956643916448e-02 2.980902996653492787e-01 -5.161428275740730098e-02 9.985569436854018210e-01 1.483226324967389098e-02 -8.346149980279241731e+01 5.483355219022176263e-02 -1.199599581675468360e-02 9.984234460581175030e-01 4.104726642760955224e-01
9.969769862749174871e-01 5.634635959770235153e-02 -5.349744478261909270e-02 1.483534969343912047e-01 -5.563611440402530667e-02 9.983432590917749039e-01 1.467514224923640795e-02 -8.520582876499331348e+01 5.423570421968511995e-02 -1.165438913455060788e-02 9.984601462260250804e-01 4.154948317385084300e-01
9.966710521763745279e-01 6.016142986796258613e-02 -5.502196025116505573e-02 -2.053149138582636632e-02 -5.935992067147469881e-02 9.981069858929485505e-01 1.608864598310255634e-02 -8.695817537041229173e+01 5.588571885119487936e-02 -1.276898852437383450e-02 9.983555175189595676e-01 4.074936935734567722e-01
9.965173216984510862e-01 6.449094623442709617e-02 -5.285967658559741211e-02 -1.759122098731418504e-01 -6.372941577639261446e-02 9.978394343012532142e-01 1.596949962129540559e-02 -8.866552194665092657e+01 5.377535792298739070e-02 -1.254516668454854454e-02 9.984742508813692075e-01 4.360251664465827348e-01
9.963179646699612535e-01 6.874813133977362989e-02 -5.122702131878252574e-02 -3.427707665156102257e-01 -6.800481310634666487e-02 9.975548087377543727e-01 1.611672915182288737e-02 -9.036980385053401221e+01 5.220975646636004386e-02 -1.257370277490256830e-02 9.985569805115037667e-01 4.467226078108911813e-01
9.959007101803767359e-01 7.315750462901741968e-02 -5.319544133360169791e-02 -5.270761460760603478e-01 -7.236845706719043092e-02 9.972395892072853929e-01 1.661349269115137625e-02 -9.210981300341885003e+01 5.426400173167826579e-02 -1.269571715737315143e-02 9.984459108444104780e-01 4.508949787011621302e-01
9.955963486532647400e-01 7.765546102065001843e-02 -5.251228353401846821e-02 -7.167114745519156394e-01 -7.684475551866443155e-02 9.968931752430597593e-01 1.728816656232867038e-02 -9.383646164087903685e+01 5.369165761609093895e-02 -1.317674191446545177e-02 9.984706201861704988e-01 4.518079519406909550e-01
9.953630670594859620e-01 8.238829353635737651e-02 -4.964407136909992913e-02 -9.170074375784971199e-01 -8.161193574538075368e-02 9.965110395883354233e-01 1.747111680651535978e-02 -9.557370998601187750e+01 5.091028066928246498e-02 -1.333855564677358108e-02 9.986141528415430901e-01 4.791222194480062035e-01
9.950508883402185978e-01 8.694112767882260229e-02 -4.811413442302085730e-02 -1.137653449065296751e+00 -8.620151066519148031e-02 9.961284904850873367e-01 1.724325963790487512e-02 -9.736710342051401312e+01 4.942700853157852570e-02 -1.301040974896579445e-02 9.986929959030369508e-01 4.986073121577233591e-01
9.945505293906165001e-01 9.090608898421670414e-02 -5.104240858774383022e-02 -1.368918273513250350e+00 -9.013693464063782246e-02 9.957812144392851339e-01 1.717864905665570513e-02 -9.912580324776135399e+01 5.238871541118272218e-02 -1.248422826673835188e-02 9.985487301790284542e-01 5.164641117993831188e-01
9.940550690150304902e-01 9.530452498176754383e-02 -5.264567677903420062e-02 -1.579971878657648210e+00 -9.445018396508671199e-02 9.953578645881068221e-01 1.849010956065995012e-02 -1.008326738341057762e+02 5.416347952711469960e-02 -1.340779327867102841e-02 9.984420606950171750e-01 5.212503176272729188e-01
9.937424359189944711e-01 9.986240194804464620e-02 -5.003470526495016474e-02 -1.773230891567012746e+00 -9.904533386219994961e-02 9.949098591211822384e-01 1.855785719297071978e-02 -1.025600710283501797e+02 5.163325376062029987e-02 -1.348602612471579143e-02 9.985750518641325346e-01 5.359852073147074458e-01
9.933612262897137946e-01 1.035747639870242126e-01 -5.005739075529375831e-02 -2.015698721618600420e+00 -1.027773937770025819e-01 9.945368423734205487e-01 1.825586180691216379e-02 -1.042916695313211477e+02 5.167476591725295859e-02 -1.298989711038370590e-02 9.985794816340153313e-01 5.455113290285461547e-01
9.930450999568968262e-01 1.077060369053643996e-01 -4.754828141728337926e-02 -2.272290630833201597e+00 -1.069523463942773089e-01 9.940988771884373687e-01 1.812782318555219291e-02 -1.060541749942930778e+02 4.922016916219825594e-02 -1.291634572270375717e-02 9.987044322324879486e-01 5.758504887760323987e-01
9.926560061630701481e-01 1.118231817421276586e-01 -4.614790844068702991e-02 -2.533166977191875890e+00 -1.110423010049726156e-01 9.936309784209184093e-01 1.915949137658738005e-02 -1.077835239608947688e+02 4.799646670228967238e-02 -1.389441425017832500e-02 9.987508620455556319e-01 5.989260257719813962e-01
9.920867587361772433e-01 1.163618849491055568e-01 -4.715691753536552927e-02 -2.772316171206908209e+00 -1.155445922422117661e-01 9.931067039061032276e-01 1.971095787465797916e-02 -1.095044484017191024e+02 4.912545515236640264e-02 -1.410625350143134699e-02 9.986929975063538745e-01 6.104142057323551640e-01
9.914591959249211550e-01 1.205325610401385972e-01 -4.980526623776003470e-02 -3.021751919914809292e+00 -1.196728993279774222e-01 9.926137720434862199e-01 1.990720261708962477e-02 -1.112272782734440852e+02 5.183685930247583507e-02 -1.377683848737959633e-02 9.985605333373375192e-01 6.202739800849338403e-01
9.909374639916779248e-01 1.244543451160182723e-01 -5.053769325449147809e-02 -3.322325866517802595e+00 -1.235420874878976338e-01 9.921212634070553094e-01 2.080267566254631259e-02 -1.129591791071058253e+02 5.272850345756743828e-02 -1.437061854380211959e-02 9.985054783253789479e-01 6.294751377014640159e-01
9.905228618083675718e-01 1.291068209445320192e-01 -4.686031391868897972e-02 -3.596948659625641476e+00 -1.282877076771898883e-01 9.915333210379260187e-01 2.009819221803551409e-02 -1.146994699730643248e+02 4.905837638868012357e-02 -1.389611661932107535e-02 9.986992408373047692e-01 6.543545620674975360e-01
9.899941212915025490e-01 1.332647563235573873e-01 -4.639121177861763035e-02 -3.874725067260892164e+00 -1.324525403364643639e-01 9.909839768761481427e-01 2.017627649372592119e-02 -1.164261635987097065e+02 4.866173411093120682e-02 -1.382976126897578206e-02 9.987195669138360099e-01 6.593519527805197233e-01
9.894112363976060864e-01 1.374791114037027528e-01 -4.652847749291485341e-02 -4.148935106143514240e+00 -1.366443442757369342e-01 9.904041886827429364e-01 2.068492729335889846e-02 -1.181660752937515895e+02 4.892574442575477883e-02 -1.410804619094908202e-02 9.987027758873306960e-01 6.856345780199839535e-01
9.888205251077926139e-01 1.421034725534246201e-01 -4.517269323172355688e-02 -4.441259950017169444e+00 -1.412922185915718998e-01 9.897517525187845555e-01 2.068761347923314328e-02 -1.199435713000919890e+02 4.764953400633389902e-02 -1.407378677729565972e-02 9.987649625586224600e-01 7.024304844704389872e-01
9.882372869078349664e-01 1.461206768824309943e-01 -4.511997952638833326e-02 -4.772008616439542550e+00 -1.453593357242233541e-01 9.891820841589468172e-01 1.973494101270015927e-02 -1.217135751881859846e+02 4.751555832413242170e-02 -1.294419431183060215e-02 9.987866236342792803e-01 7.151430068475825852e-01
9.874577544542459950e-01 1.502228784867400690e-01 -4.858260951550630313e-02 -5.122695198125525984e+00 -1.493596323949906435e-01 9.885608331276591887e-01 2.095660795027493375e-02 -1.234490854244410514e+02 5.117502690777306351e-02 -1.343748432953108772e-02 9.985992943297538060e-01 7.120598852943177404e-01
9.868072169999866361e-01 1.546251915124843279e-01 -4.798506670276524860e-02 -5.457128833583098526e+00 -1.537543902807924079e-01 9.878782197760307415e-01 2.135908147655473169e-02 -1.251772381099695792e+02 5.070605433400485890e-02 -1.369938107608811503e-02 9.986196588351388126e-01 7.233030530327499985e-01
9.861528838097636251e-01 1.592512761336656590e-01 -4.627656862263838239e-02 -5.779250640917117821e+00 -1.584773181464330938e-01 9.871608143987684603e-01 1.996161688527336650e-02 -1.269031102460383238e+02 4.886132813177531536e-02 -1.235141956858289668e-02 9.987291990564007849e-01 7.379618463918942162e-01
9.855632754912583282e-01 1.636439972628929429e-01 -4.342432685447635693e-02 -6.112604922342941727e+00 -1.629650830784602211e-01 9.864534076458577605e-01 1.876316180993176444e-02 -1.286380276052345266e+02 4.590655400019342386e-02 -1.141563417850288871e-02 9.988805091682037007e-01 7.603088515458997776e-01
9.848303452655563506e-01 1.679566883976265634e-01 -4.358602834197762566e-02 -6.467530472369611871e+00 -1.672355965683086088e-01 9.857197193479376729e-01 1.972029738784470548e-02 -1.303829025667298822e+02 4.627576346822420694e-02 -1.213201183339671779e-02 9.988550285223113390e-01 7.624805087379382673e-01
9.840770365433850753e-01 1.719312347163551025e-01 -4.507811749506331761e-02 -6.834831204542348715e+00 -1.711871782533019581e-01 9.850374101136073479e-01 1.990604627617405600e-02 -1.321536854416903850e+02 4.782610322471756575e-02 -1.187228729380215494e-02 9.987851183536687882e-01 7.610730426417001704e-01
9.831609358316060199e-01 1.765253280984910578e-01 -4.725867956725731539e-02 -7.191267486278596799e+00 -1.757551518143054270e-01 9.842303768611938564e-01 2.001728938699864208e-02 -1.338751755696908390e+02 5.004698657712643856e-02 -1.137426056464673797e-02 9.986820942277659929e-01 7.657889077883904827e-01
9.822496950232501023e-01 1.815124671954136126e-01 -4.731554585298716753e-02 -7.549881509239217969e+00 -1.807025005060917955e-01 9.833156362975178366e-01 2.090372511428358754e-02 -1.356323652690537074e+02 5.032040279626280588e-02 -1.198264016990948505e-02 9.986612405600712172e-01 7.926463271640558084e-01
9.817732564201220313e-01 1.855782862681673029e-01 -4.101185979688549976e-02 -7.936284395119709068e+00 -1.849143227569142733e-01 9.825618975582754988e-01 1.946306003773897245e-02 -1.373720882772894072e+02 4.390861211175982326e-02 -1.152463155380873197e-02 9.989690769237894452e-01 8.144958539665181352e-01
9.810437322477931765e-01 1.893219315597834962e-01 -4.135700240337761291e-02 -8.338859437657070828e+00 -1.886978576727955659e-01 9.818601440288169391e-01 1.854119945980446313e-02 -1.391105851691956730e+02 4.411704803154586907e-02 -1.038574976511132467e-02 9.989723831391931208e-01 8.126099200159629943e-01
9.801505120689026906e-01 1.931079204217757417e-01 -4.488100668930081194e-02 -8.760432464789369433e+00 -1.923709166827969053e-01 9.811135579426427666e-01 2.023899295293741726e-02 -1.408395288110174874e+02 4.794167399756019132e-02 -1.120345890811298359e-02 9.987873038854698793e-01 8.019521056968070827e-01
9.792046177184965394e-01 1.981292898030110605e-01 -4.362454768736929306e-02 -9.158696873561178009e+00 -1.974432296296028955e-01 9.801192925427284486e-01 1.955360475649770002e-02 -1.425748827939171974e+02 4.663140264033458632e-02 -1.053360848408008664e-02 9.988566240357517056e-01 8.042815610154064876e-01
9.782633414413393069e-01 2.027969910474404225e-01 -4.329220731413335743e-02 -9.558740995830039111e+00 -2.021478522700756453e-01 9.791721345502492069e-01 1.892555792848436488e-02 -1.443152450508085565e+02 4.622856924696253089e-02 -9.762752809177831920e-03 9.988831803784492536e-01 8.177623006397052308e-01
9.774317459148775811e-01 2.067142018370903001e-01 -4.354791426290118700e-02 -9.998674293641538924e+00 -2.060379704474778750e-01 9.783490412964904737e-01 1.953223305518674707e-02 -1.460523501729298914e+02 4.664265013567010093e-02 -1.011890078479853010e-02 9.988603861577597387e-01 8.269252776989181042e-01
9.764546384319140460e-01 2.112916264567314684e-01 -4.349928360408954892e-02 -1.041719569281369395e+01 -2.106315768197118132e-01 9.773752136200429819e-01 1.928809600808542579e-02 -1.478050653360502338e+02 4.659053478166780976e-02 -9.671628117557883389e-03 9.988672492770567235e-01 8.317574674687358005e-01
9.754580316587225797e-01 2.158909376412163905e-01 -4.327506807489776841e-02 -1.084557340044370122e+01 -2.152581833773837550e-01 9.763754324206230795e-01 1.883957150547418621e-02 -1.495742974121426130e+02 4.632000606173578006e-02 -9.061898798688496071e-03 9.988855485132434042e-01 8.248055349039998818e-01
9.745523672179337016e-01 2.201777153709988111e-01 -4.206491654489784987e-02 -1.127672064467175161e+01 -2.195597934836328868e-01 9.754170779792296075e-01 1.884200286291090945e-02 -1.513075659028683333e+02 4.517942712503395658e-02 -9.126754103672887058e-03 9.989371960860126132e-01 8.267807990145774610e-01
9.736382008416086808e-01 2.243337723660429051e-01 -4.126757126286632188e-02 -1.172926774586122001e+01 -2.237136110507751408e-01 9.744670272154695168e-01 1.913721767833197196e-02 -1.530415796034681648e+02 4.450701172329821903e-02 -9.400608802934350486e-03 9.989648414541907329e-01 8.453300631719365965e-01
9.727266269405002719e-01 2.282353215815415004e-01 -4.137084992512465170e-02 -1.220116464940653955e+01 -2.276672594330889365e-01 9.735722098301683447e-01 1.802141028413555002e-02 -1.547720110774470754e+02 4.439063215570843851e-02 -8.111117615527276004e-03 9.989813219214079831e-01 8.417793394654411454e-01
9.717422352130524743e-01 2.325240633786285760e-01 -4.061512345213521419e-02 -1.266857526868230543e+01 -2.320005200222950426e-01 9.725631251202192518e-01 1.722574717616998444e-02 -1.565297431751219506e+02 4.350617211988811600e-02 -7.316256302521265131e-03 9.990263687116524016e-01 8.377966371720217964e-01
9.709559131054289471e-01 2.367258808044507556e-01 -3.471991018075339108e-02 -1.314480107849991519e+01 -2.362787606678673213e-01 9.715448788622219611e-01 1.651955247115197839e-02 -1.582794096424511849e+02 3.764255653989607986e-02 -7.836179805712332330e-03 9.992605427130569762e-01 8.394537659660746831e-01
9.699804261812962070e-01 2.408267031774941891e-01 -3.377087297968681123e-02 -1.361753020744105491e+01 -2.403854594286490010e-01 9.705350654473595684e-01 1.662881933171509938e-02 -1.600182606620340948e+02 3.678048015494593537e-02 -8.011602445740225592e-03 9.992912540925308340e-01 8.414055636353718892e-01
9.690542265454751281e-01 2.442551160656559750e-01 -3.568395003504946927e-02 -1.410784897778850322e+01 -2.437945980001873791e-01 9.696813850675490842e-01 1.679897137942525445e-02 -1.617410955856100827e+02 3.870529679873313533e-02 -7.579559962994857937e-03 9.992219224328944271e-01 8.442812526638210358e-01
9.681076785700538645e-01 2.477512357611879046e-01 -3.724040644925396409e-02 -1.458419674461546300e+01 -2.472590405546103431e-01 9.687938820192539824e-01 1.736032908897029714e-02 -1.634567214009557006e+02 4.037932091696089937e-02 -7.598640725028953796e-03 9.991555289850609922e-01 8.338499213454748649e-01
9.672311213275898156e-01 2.514494989311329975e-01 -3.517253790466778884e-02 -1.506001478565290519e+01 -2.510263928418084989e-01 9.678473285072606291e-01 1.604053609418354745e-02 -1.651955571074505542e+02 3.807503161132229363e-02 -6.685670395772294605e-03 9.992525175245523528e-01 8.440761441122164310e-01
9.665790091014192509e-01 2.548339807427588144e-01 -2.801180864060339934e-02 -1.556655830575116362e+01 -2.545317408615532240e-01 9.669640584868208766e-01 1.393206692071145489e-02 -1.669529072970157415e+02 3.063677624205346853e-02 -6.336549020982458306e-03 9.995104982380119685e-01 8.391467512452568389e-01
9.658685536998564691e-01 2.579829323317078815e-01 -2.329685814183928699e-02 -1.609498340009091066e+01 -2.577268505491279171e-01 9.661242245623556935e-01 1.344816789806026203e-02 -1.687003443503411688e+02 2.597705679585440852e-02 -6.984936601026257158e-03 9.996381361177176794e-01 8.332433579533187196e-01
9.650999475895766233e-01 2.608385364980179144e-01 -2.335270948238316741e-02 -1.662420711874817769e+01 -2.605892718326723312e-01 9.653595067091976789e-01 1.320053831826795490e-02 -1.704413331213397953e+02 2.598696920215963491e-02 -6.654373279780429612e-03 9.996401336220647194e-01 8.387066312936720669e-01
9.641569410655499439e-01 2.642299633388446312e-01 -2.416442569304215124e-02 -1.711662909812386246e+01 -2.640057727938991405e-01 9.644452302053005965e-01 1.209751485805083543e-02 -1.721662827475194888e+02 2.650179100773881677e-02 -5.284355040820989946e-03 9.996347986465781155e-01 8.431742064178562313e-01
9.633233154850774360e-01 2.675782495430494290e-01 -2.025019047603176386e-02 -1.762001174992654029e+01 -2.674009235196981304e-01 9.635218907039472258e-01 1.105948620431234167e-02 -1.739099667614992768e+02 2.247077977397658743e-02 -5.238941283158948109e-03 9.997337733369724422e-01 8.409982067520856974e-01
9.625949322306366351e-01 2.704160013151035158e-01 -1.691693461138771976e-02 -1.814352357485197942e+01 -2.702756500755844615e-01 9.627295976178259496e-01 1.013877935646724515e-02 -1.756531257416452263e+02 1.902812182314036343e-02 -5.187302128160994376e-03 9.998054923216389556e-01 8.405716876610098698e-01
9.619367218583405599e-01 2.728786067746591382e-01 -1.466318877838463340e-02 -1.868495044307150010e+01 -2.727749585542149635e-01 9.620385745547153089e-01 8.695001695095709235e-03 -1.773770168784651844e+02 1.647923317924486833e-02 -4.364290715836582554e-03 9.998546833617232288e-01 8.368202428507021118e-01
9.612652877338310198e-01 2.751945911232367425e-01 -1.539427213315476550e-02 -1.922957658313334406e+01 -2.750772961936964744e-01 9.613769374684862923e-01 9.320151419350256386e-03 -1.791277852282662195e+02 1.736455345698353914e-02 -4.724523280586416518e-03 9.998380624696234786e-01 8.191495389667344806e-01
9.606364061569199198e-01 2.774741876535402052e-01 -1.362975978970724401e-02 -1.976804798574981348e+01 -2.773775203109843379e-01 9.607227707950111162e-01 8.571400240682666358e-03 -1.808743163481557303e+02 1.547276290927475199e-02 -4.453410150038597526e-03 9.998703719712815907e-01 8.106937489180050527e-01
9.598266358695585199e-01 2.803575165859655272e-01 -1.151051558688759302e-02 -2.028184878196000795e+01 -2.802972743687461854e-01 9.598906712553098020e-01 6.583100977697921470e-03 -1.826482752558409004e+02 1.289445837473426892e-02 -3.092269519429836737e-03 9.999120815413929941e-01 8.107761066912807513e-01
9.592151269281785630e-01 2.825988770066729661e-01 -6.649435068149866374e-03 -2.081765925175478671e+01 -2.825704521888411369e-01 9.592340162892262212e-01 4.903217661317032898e-03 -1.844026820752529829e+02 7.764008111283299610e-03 -2.824306677349258665e-03 9.999658711525309940e-01 8.155215638912372000e-01
9.587279302686756433e-01 2.842838163568189858e-01 -4.844324549814938048e-03 -2.136514142239171932e+01 -2.842609817276857687e-01 9.587344185203975355e-01 4.899899138515365071e-03 -1.861500313050942736e+02 6.037382707251548984e-03 -3.320617707256178636e-03 9.999762614722853549e-01 8.084724212966067913e-01
9.582783431111043804e-01 2.857968012374194622e-01 -4.775513238961616447e-03 -2.192133010255005132e+01 -2.857761640875386977e-01 9.582855018271803083e-01 4.569576264960737051e-03 -1.878923068309886162e+02 5.882275380216888533e-03 -3.014198116926695807e-03 9.999781564844619774e-01 7.778712422333302623e-01
9.577869071035214343e-01 2.874735551873930373e-01 -1.787637824406923493e-03 -2.246692693373051952e+01 -2.874674936677258374e-01 9.577855855905990090e-01 3.035147322504553203e-03 -1.896303112304697152e+02 2.584698331791370277e-03 -2.393136601657285759e-03 9.999937960966255313e-01 7.673910098798907287e-01
9.574145786292014293e-01 2.887140598309131390e-01 1.231374930922494179e-03 -2.303169310469279907e+01 -2.887157948231759974e-01 9.574135118512681064e-01 1.599107327019688891e-03 -1.913978845405513880e+02 -7.172502285309040587e-04 -1.886526059588045350e-03 9.999979632836939469e-01 7.715879854711814589e-01
9.570741434303347006e-01 2.898248821662436359e-01 3.259087972758634849e-03 -2.358751139729909951e+01 -2.898294113440574304e-01 9.570777926714343353e-01 1.005532263087589645e-03 -1.931663878716044564e+02 -2.827772453426137013e-03 -1.906948478049253068e-03 9.999941836083116042e-01 7.761962630115779582e-01
9.566812646017808230e-01 2.910928873686540186e-01 5.088111959992259493e-03 -2.413938824371542324e+01 -2.910976765533387356e-01 9.566933145711606912e-01 2.110926193253042206e-04 -1.949281020179659549e+02 -4.806315135852545599e-03 -1.683085923601235386e-03 9.999870331942253276e-01 7.638673434308136390e-01
9.563394638057068908e-01 2.922030122644871941e-01 5.677111182012192954e-03 -2.468779502652123270e+01 -2.922047982387343534e-01 9.563556211839284726e-01 -5.307694065128731138e-04 -1.966659328119275187e+02 -5.584429610404392959e-03 -1.151283397889741027e-03 9.999837442141068511e-01 7.541571783854776889e-01
9.558925389146261109e-01 2.935817552778512973e-01 8.899832320097752006e-03 -2.523452369057940814e+01 -2.935764544630364292e-01 9.559336572090679773e-01 -1.925720594673879923e-03 -1.984204233405496609e+02 -9.073005690657573105e-03 -7.719992693668387227e-04 9.999585414330263156e-01 7.326791935370244868e-01
9.556465919085420646e-01 2.943328461491990233e-01 1.038109104576132209e-02 -2.581590507623205610e+01 -2.943139189210482454e-01 9.557029647571653186e-01 -3.340701078968225796e-03 -2.001865798664946681e+02 -1.090451754655457663e-02 1.372300123469566945e-04 9.999405345644313270e-01 7.187415264820929961e-01
9.554098870901202023e-01 2.950483134619303893e-01 1.176606874509816651e-02 -2.638892209198061778e+01 -2.950227321077775189e-01 9.554823028617227543e-01 -3.893129553677892978e-03 -2.019473409791435472e+02 -1.239093176909719478e-02 2.482767199598159055e-04 9.999231986350570756e-01 7.028590276146863269e-01
9.551964742555697496e-01 2.956567443770752868e-01 1.366693360185406575e-02 -2.695697486464902681e+01 -2.956290733333812315e-01 9.552942266867001653e-01 -4.048636697191694556e-03 -2.037225563740298355e+02 -1.425294951141890809e-02 -1.730994173257459183e-04 9.998984065727961612e-01 6.896641834212107192e-01
9.549437611890443378e-01 2.963706427018216738e-01 1.571162342441193016e-02 -2.749085102982802198e+01 -2.963210263029756319e-01 9.550728455902823821e-01 -5.450595089706546797e-03 -2.054831922271668816e+02 -1.662114126263976310e-02 5.493273976752920638e-04 9.998617083889839163e-01 6.827042234352469485e-01
9.547351451857826188e-01 2.969362636766927910e-01 1.759709807917449534e-02 -2.802991119957548705e+01 -2.968551372000546307e-01 9.548960100893821856e-01 -7.115998406084520292e-03 -2.072273625297061699e+02 -1.891639672398729224e-02 1.570104806758741960e-03 9.998198361234270637e-01 6.761091662175253703e-01
9.545528235053604149e-01 2.974946583885214046e-01 1.805091045463238023e-02 -2.859674139821746053e+01 -2.974205200058411824e-01 9.547229059263914186e-01 -6.723628404508699696e-03 -2.090099239009637131e+02 -1.923386121919437933e-02 1.049347303728985492e-03 9.998144615141536518e-01 6.425010602542824412e-01
9.543785781341512786e-01 2.979805448210850471e-01 1.921261322061942889e-02 -2.916782632161555000e+01 -2.978930048350371118e-01 9.545710899266366400e-01 -7.334299327506141851e-03 -2.107909463985030243e+02 -2.052528365183679815e-02 1.276395080771893127e-03 9.997885194112849927e-01 6.164754232481689522e-01
9.544014380342356052e-01 2.978426156486873033e-01 2.019087372382527210e-02 -2.976209951911278750e+01 -2.977397147848487302e-01 9.546136176394270922e-01 -7.993951288479305556e-03 -2.125925939824305715e+02 -2.165542236993056244e-02 1.617813621511646899e-03 9.997641848761467109e-01 5.955746483334920516e-01
9.544858632641062268e-01 2.976142457364613358e-01 1.955754493005685060e-02 -3.032647981787131286e+01 -2.975026223528469682e-01 9.546835528680729377e-01 -8.455978735346123681e-03 -2.143435937551824395e+02 -2.118788621248723567e-02 2.252691259474230538e-03 9.997729736594884731e-01 5.830847009436777029e-01
9.544374002929099099e-01 2.975445731082387302e-01 2.272610692458386719e-02 -3.089422960166391974e+01 -2.973882341473230162e-01 9.547037150826513940e-01 -1.005259161215002646e-02 -2.161245927014956862e+02 -2.468779279013442671e-02 2.836092597161539094e-03 9.996911870502468433e-01 5.660208928245332727e-01
9.543190221368239579e-01 2.977435511098470156e-01 2.497962690501921712e-02 -3.144289414631296253e+01 -2.975342913394239397e-01 9.546382168978975180e-01 -1.179916586669031188e-02 -2.179168171299461392e+02 -2.735963203266476157e-02 3.827872842821990543e-03 9.996183261247947316e-01 5.581511912710150902e-01
9.544336338072376691e-01 2.976082217579081313e-01 2.204053083769777835e-02 -3.200516822654083171e+01 -2.974328917174098308e-01 9.546802481700163989e-01 -1.092239344903153664e-02 -2.197207908865078707e+02 -2.429225354163871628e-02 3.869120847388339383e-03 9.996974123812349955e-01 5.236356374710767758e-01
9.545733867174585052e-01 2.971993739341597385e-01 2.149840700854379477e-02 -3.257607979919615104e+01 -2.970309113221907271e-01 9.548076957090116945e-01 -1.071923196670771655e-02 -2.215135446778936625e+02 -2.371259348680273410e-02 3.846602135747093001e-03 9.997114166408919145e-01 5.045484339298185184e-01
9.546578910453014100e-01 2.967636709434582909e-01 2.365659893349768630e-02 -3.315494734042363234e+01 -2.965632692345436250e-01 9.549421148837611284e-01 -1.165266331141634817e-02 -2.233024367070487415e+02 -2.604876975707528033e-02 4.108628663249197337e-03 9.996522299103075548e-01 4.851672228377790219e-01
9.545399805670596871e-01 2.970353751435496070e-01 2.496820803277678344e-02 -3.371486723856765622e+01 -2.968162095663323674e-01 9.548572821242545805e-01 -1.215353911240293558e-02 -2.251046176280617033e+02 -2.745110631126463155e-02 4.190070120221642269e-03 9.996143656804233890e-01 4.568583501162579164e-01
9.542879959595744754e-01 2.975830401706631156e-01 2.790618157764959695e-02 -3.428534985229366328e+01 -2.973150784516947476e-01 9.546853735053716372e-01 -1.340081117588538470e-02 -2.268902738449968979e+02 -3.062947751304009869e-02 4.491304676222202148e-03 9.995207167885934441e-01 4.418895883880553654e-01
9.542610301937611839e-01 2.978477082419328514e-01 2.593509106539046080e-02 -3.485727167323663878e+01 -2.975635810258073777e-01 9.545950477325402250e-01 -1.429020964181366288e-02 -2.286844660515915564e+02 -2.901381568562515570e-02 5.919251602833919441e-03 9.995614843319158282e-01 4.266141327432472208e-01
9.544209582386088409e-01 2.976625653876449618e-01 2.185478532819909794e-02 -3.543597981905924144e+01 -2.974391237311168612e-01 9.546533244906640903e-01 -1.292275949587459727e-02 -2.304992151230198942e+02 -2.471036521302464109e-02 5.833284303788505848e-03 9.996776333625105870e-01 3.961793812183008745e-01
9.545218730644425831e-01 2.973976539818098952e-01 2.103875584876275032e-02 -3.600022643337920414e+01 -2.971887074879852597e-01 9.547367182614344694e-01 -1.251682647507429587e-02 -2.322870623738315317e+02 -2.380894754433581298e-02 5.695103993961428759e-03 9.997003049951165288e-01 3.697551992601351700e-01
9.545316907861260969e-01 2.971834575240068221e-01 2.347858298654841372e-02 -3.658795262296480644e+01 -2.969165026329258494e-01 9.547975801940955520e-01 -1.421869613331513092e-02 -2.341449009586086163e+02 -2.664285550032450059e-02 6.601017313764575775e-03 9.996232214295605045e-01 3.463730632116008845e-01
9.544559452303265079e-01 2.973382963779161448e-01 2.457205977451604531e-02 -3.715303572235784912e+01 -2.970339700825826434e-01 9.547441849812018377e-01 -1.530888178673151835e-02 -2.359753963029661463e+02 -2.801194801264735371e-02 7.312916768243129736e-03 9.995808381601147818e-01 3.256375128231150939e-01
9.545352277863707879e-01 2.970400157464982982e-01 2.509438104718579934e-02 -3.772202627828225729e+01 -2.967389371156358147e-01 9.548399011606653053e-01 -1.505876326175840593e-02 -2.377489907312731816e+02 -2.843417159517846668e-02 6.927640060726921421e-03 9.995716611073389712e-01 2.891938281805256916e-01
9.546252840411553198e-01 2.968391212928927492e-01 2.402297107784422472e-02 -3.831229255683344803e+01 -2.965384122886151608e-01 9.548980419612732584e-01 -1.531990521751602427e-02 -2.395517346841196797e+02 -2.748703524738361006e-02 7.501035167875561190e-03 9.995940162709655574e-01 2.601553285286591355e-01
9.544816341602947452e-01 2.972372242741260218e-01 2.479601896486906265e-02 -3.887036041286072674e+01 -2.969161041076834318e-01 9.547721292963431416e-01 -1.584323958167234772e-02 -2.413673318494541604e+02 -2.838374838192679606e-02 7.759743857878532471e-03 9.995669808487330776e-01 2.487371971451544095e-01
9.542669660638365414e-01 2.978543702717217911e-01 2.563847868647134778e-02 -3.944765477188258274e+01 -2.975059705815351618e-01 9.545763057292483422e-01 -1.656122002267192486e-02 -2.432104087546665596e+02 -2.940671602983426294e-02 8.176224699498142734e-03 9.995340886643155898e-01 2.175484995448352943e-01
9.541316767340362048e-01 2.981993936604662720e-01 2.664329321286701760e-02 -4.004755479663251094e+01 -2.978135084050609893e-01 9.544631254129896103e-01 -1.752873179486486369e-02 -2.450574581623711765e+02 -3.065709810411338873e-02 8.789985631266948596e-03 9.994913098613898983e-01 1.863636145692243729e-01
9.541215345563647254e-01 2.984015047775063212e-01 2.467061495641393459e-02 -4.060797191883305146e+01 -2.980528952858863545e-01 9.544005071492435155e-01 -1.685655851492934287e-02 -2.468650210285633193e+02 -2.857566985231017181e-02 8.730057261361076279e-03 9.995535089192099099e-01 1.510319132631964267e-01
9.542406308614665988e-01 2.982081203582839235e-01 2.228756077926733956e-02 -4.117633838819975978e+01 -2.979033497395128238e-01 9.544618046926615085e-01 -1.600804787615347363e-02 -2.486773950863040170e+02 -2.604635535133003124e-02 8.635990690534526767e-03 9.996234326173557561e-01 1.101911959981856232e-01
9.546437838858132796e-01 2.971613022238350221e-01 1.871914391234992536e-02 -4.177844118491100289e+01 -2.968923809750613763e-01 9.547791669372578394e-01 -1.586368499293318302e-02 -2.504985122608861445e+02 -2.258672192098083731e-02 9.586597062073929851e-03 9.996989232512125678e-01 6.890573360829591043e-02
9.546242381673012423e-01 2.968830911857986421e-01 2.351582597878312114e-02 -4.235579952622180855e+01 -2.965089475876029890e-01 9.548578313094837622e-01 -1.813741953646270250e-02 -2.523286382621727739e+02 -2.783896377367080927e-02 1.034176749469423694e-02 9.995589226959529228e-01 5.149019556161285593e-02
9.545641061085334833e-01 2.969318640180197977e-01 2.527519455910388554e-02 -4.294413187587358749e+01 -2.965071129263186500e-01 9.548367337249004105e-01 -1.924432159528906977e-02 -2.541886988628645554e+02 -2.984793650012754554e-02 1.087566367390136769e-02 9.994952829435147512e-01 2.749455799220940078e-02
9.545272658327753623e-01 2.970342172496904798e-01 2.546316093241260056e-02 -4.353152871042352956e+01 -2.966021915756000826e-01 9.548036593501503244e-01 -1.941937290731117829e-02 -2.560359292904394692e+02 -3.008053746789235774e-02 1.098389158840703400e-02 9.994871261758286884e-01 -1.682231312244575339e-02
9.544787551500311107e-01 2.972771955627438456e-01 2.442488414705739491e-02 -4.412083710502352574e+01 -2.968627784851435858e-01 9.547268273547709905e-01 -1.921395011896029348e-02 -2.578857436063911450e+02 -2.903096135727491200e-02 1.108846821898682063e-02 9.995170079369479765e-01 -5.782650715941257957e-02
9.543139687849697683e-01 2.978415306434560317e-01 2.398482032125534916e-02 -4.468333968191019068e+01 -2.974396949896964126e-01 9.545525147165117019e-01 -1.895058027660308578e-02 -2.597297749993012985e+02 -2.853904038884313640e-02 1.095076583380640012e-02 9.995326927626415614e-01 -1.080280079385217695e-01
9.543640263199782980e-01 2.977352770042152597e-01 2.330257697215223564e-02 -4.526108030724122244e+01 -2.973042406218791567e-01 9.545678678843366738e-01 -2.025769263759893274e-02 -2.615566515438907231e+02 -2.827532094543977123e-02 1.240525815833289081e-02 9.995231942258556712e-01 -1.414173842977776152e-01
9.544800244253384136e-01 2.974542972691152642e-01 2.210936473854904077e-02 -4.584632831845926404e+01 -2.970006111898343959e-01 9.546321991714578070e-01 -2.163333672670194469e-02 -2.633638372201372704e+02 -2.754124045627222295e-02 1.408209292693600456e-02 9.995214728723574860e-01 -1.795009120373174949e-01
9.544476408013085056e-01 2.974276977287697021e-01 2.380053765317332454e-02 -4.641764603049325189e+01 -2.969546003040343662e-01 9.546496126910654079e-01 -2.149610074106723945e-02 -2.652124158437847541e+02 -2.911470980600235764e-02 1.344922349291968224e-02 9.994855937232660636e-01 -2.086336826338249795e-01
9.544612526790466900e-01 2.973859555404527177e-01 2.377626088426934223e-02 -4.700899470799694768e+01 -2.969211766550499676e-01 9.546661672689263911e-01 -2.122083706734686701e-02 -2.670539031140971815e+02 -2.900917075901271111e-02 1.319479137198314653e-02 9.994920537415613593e-01 -2.431017878108796826e-01
