1.000000000000000000e+00 0.000000000000000000e+00 0.000000000000000000e+00 0.000000000000000000e+00 0.000000000000000000e+00 1.000000000000000000e+00 0.000000000000000000e+00 0.000000000000000000e+00 0.000000000000000000e+00 0.000000000000000000e+00 1.000000000000000000e+00 0.000000000000000000e+00
9.999922309042689195e-01 -7.799202521589855596e-04 -3.863917119139498313e-03 4.238336058295426312e-03 7.791289396973192236e-04 9.999996751998883049e-01 -2.062964205035009617e-04 1.052398506914821626e-02 3.864076758895084937e-03 2.032843281187476404e-04 9.999925137651197726e-01 -2.178190704891112134e-02
9.999632387497843222e-01 -1.582579689202419718e-03 -8.427134184831598998e-03 1.239783641582446402e-02 1.585747187581523429e-03 9.999986745475538674e-01 3.692004773915691764e-04 -9.190397226115645801e-02 8.426538725889215833e-03 -3.825502094534088829e-04 9.999644229173547672e-01 -5.038329159847133171e-02
9.999816171625507399e-01 -9.687778515142728142e-04 -5.985549802994516097e-03 2.361316044176021631e-02 9.738190841284953027e-04 9.999991735611406529e-01 8.393768087006912328e-04 -4.744075722943075224e-01 5.984731686642220591e-03 -8.451902212004158439e-04 9.999817341532438730e-01 -2.721462484520505154e-02
9.999977147317368198e-01 -7.578178607813530277e-04 -1.999060627827834412e-03 1.644928613956566851e-02 7.567852286649736195e-04 9.999995798566669869e-01 -5.172645427198512913e-04 -8.747934475623304618e-01 1.999451780245061448e-03 5.157505010772624058e-04 9.999978680947270160e-01 -2.365452429369169218e-03
9.999997320697893155e-01 -4.862154687354123747e-04 -5.472246957349317063e-04 -7.841183812961304012e-04 4.859591723343468801e-04 9.999997722261222410e-01 -4.683923423484363672e-04 -1.076107867453499400e+00 5.474523106937278279e-04 4.681262879917570934e-04 9.999997405768393799e-01 6.213323762691635305e-03
9.999991099674023776e-01 -1.778882029597559505e-04 -1.322278408761600821e-03 -7.545981041467780814e-03 1.781742698452830733e-04 9.999999607494167719e-01 2.162292637769049606e-04 -1.049217133537914126e+00 1.322239892226241683e-03 -2.164646673158249191e-04 9.999991024119547767e-01 4.638468547880879311e-04
9.999988059989125544e-01 2.224385443651102605e-05 -1.545155642720833031e-03 -1.241140693619691496e-02 -2.391899712000520307e-05 9.999994120605452119e-01 -1.084115512969007411e-03 -1.106425929378088258e+00 1.545130619355203870e-03 1.084151177107274154e-03 9.999982185922104971e-01 -1.539742810091684899e-02
9.999995143770372685e-01 5.302949358743751229e-04 8.306822320573179277e-04 -4.692726570114933923e-03 -5.299512521004111527e-04 9.999997739182755474e-01 -4.139022446838273536e-04 -1.471599222984835587e+00 -8.309015345195492740e-04 4.134618225944166323e-04 9.999995693258878493e-01 -1.213914797189049113e-02
9.999984997564166367e-01 4.927045692692481188e-04 1.660640576252871061e-03 -1.013654829196438019e-02 -4.942878350795633802e-04 9.999994236101155121e-01 9.531311415162377126e-04 -1.775910623873040439e+00 -1.660170007007903247e-03 -9.539505460226398214e-04 9.999981669052716571e-01 -1.982641403636331914e-02
9.999968123773408379e-01 3.340237724550891205e-04 -2.502731163501012868e-03 -2.614158210235468030e-02 -3.341320672311064838e-04 9.999999432597047599e-01 -4.285264164215253917e-05 -1.961650954102925892e+00 2.502716707694286735e-03 4.368874778148533911e-05 9.999968672452801410e-01 -2.626551825016116420e-02
9.999934053561897462e-01 6.876935191096031396e-04 -3.565995198378470957e-03 -1.384276649597085060e-02 -6.878137584103487462e-04 9.999997629282225686e-01 -3.249203666306687627e-05 -2.025040589785430001e+00 3.565972008418614916e-03 3.494456294952837252e-05 9.999936412910397365e-01 -2.162901557039707129e-02
9.999967779136300638e-01 1.370292734862659390e-03 -2.136927743006303889e-03 6.064841145785629731e-03 -1.369468622693187365e-03 9.999989873663763795e-01 3.870683573017441961e-04 -2.154830218526165631e+00 2.137455976039326095e-03 -3.841406546410561988e-04 9.999976418561735692e-01 -6.359098466745075409e-03
9.999980394673420037e-01 1.356453503062543964e-03 -1.442600210165742060e-03 3.280723786513360662e-03 -1.356489367750735898e-03 9.999990796826753181e-01 -2.388299537356615928e-05 -2.315446559081367539e+00 1.442566486343038051e-03 2.583982039717856101e-05 9.999989591665764399e-01 -9.255064686660010448e-03
9.999936101142569145e-01 1.188753120766208090e-03 -3.371438368621660145e-03 -4.493372782602336052e-03 -1.190818233173174517e-03 9.999991045652915078e-01 -6.105903297770827508e-04 -2.594778550938536377e+00 3.370709508558694667e-03 6.146011984560138764e-04 9.999941302741610638e-01 -2.932716897680939794e-02
9.999869409930139952e-01 9.704019544307380778e-04 -5.017585423409213694e-03 -1.878873545648402504e-02 -9.696450671470015995e-04 9.999995181471298400e-01 1.532773694070654056e-04 -2.918526791668412113e+00 5.017731746330118467e-03 -1.484100908020300630e-04 9.999874000919045658e-01 -2.932173354404508242e-02
9.999991676796479156e-01 1.254182120302873953e-03 -3.027659502191997441e-04 -1.912429631713677414e-02 -1.254126614986662662e-03 9.999991967563526263e-01 1.834477670165799909e-04 -3.116905720465900753e+00 3.029957839337752302e-04 -1.830679074929883086e-04 9.999999373398461566e-01 -2.131605148955029866e-02
9.999983788086529435e-01 1.662306399627572250e-03 6.921831401864830509e-04 -3.694162260999989816e-03 -1.662468373100719652e-03 9.999985908386895828e-01 2.334942044775183839e-04 -3.151575838544558028e+00 -6.917940258784031774e-04 -2.346445585176880702e-04 9.999997331814428625e-01 -2.149972834911687003e-02
9.999940553384784048e-01 1.826326371846900788e-03 -2.924691383308594596e-03 -6.413286379368388079e-05 -1.825859771334785312e-03 9.999983199621392815e-01 1.622004754752902833e-04 -3.260307703284535563e+00 2.924982700722226787e-03 -1.568594349080123238e-04 9.999957099264566995e-01 -3.907369432319459518e-02
9.999757232406198959e-01 1.517818262154394752e-03 -6.800673284480519137e-03 -1.151213981561710273e-02 -1.513949255069365046e-03 9.999986892243624137e-01 5.740271858842516334e-04 -3.547155809047443320e+00 6.801535639269367522e-03 -5.637173761113728780e-04 9.999767103966310522e-01 -4.025351581616154473e-02
9.999888104532843602e-01 2.218386518997172204e-03 -4.178244784324752076e-03 3.877566478651714443e-03 -2.217362356949629642e-03 9.999975104654073021e-01 2.497341900975156822e-04 -3.736682841541638656e+00 4.178788389400469455e-03 -2.404667129822462386e-04 9.999912399133087382e-01 -2.863171419073439611e-02
9.999909833950336724e-01 2.421999411624685059e-03 -3.488129510738082872e-03 -4.113528834721619926e-03 -2.421676321552899101e-03 9.999970630479910749e-01 9.684619606491555162e-05 -3.925700303116051781e+00 3.488353827698996174e-03 -8.839820219835882161e-05 9.999939117681320155e-01 -2.387764404358347359e-02
9.999931515577104024e-01 1.963386483975455756e-03 -3.137188421589039676e-03 -1.788271002547399402e-02 -1.963717260422864503e-03 9.999980666665638784e-01 -1.023604197967215707e-04 -4.075015395080693104e+00 3.136981383293046231e-03 1.085202698399670190e-04 9.999950737734421002e-01 -1.703014039343674763e-02
9.999910844462746029e-01 2.399640868036468418e-03 -3.474586546360955170e-03 5.106130567762712236e-04 -2.397073532015907889e-03 9.999968510895939078e-01 7.428656531874067203e-04 -4.294313011511491140e+00 3.476358215980071640e-03 -7.345301906837845745e-04 9.999936876795538776e-01 -2.892286300719210806e-02
9.999893030686243245e-01 3.341066002864201238e-03 -3.198597550738354299e-03 2.741486970242237864e-02 -3.338678191557453365e-03 9.999941441703812384e-01 7.515669498451898675e-04 -4.499116840478285972e+00 3.201089855081082174e-03 -7.408798224988839484e-04 9.999946020458452267e-01 -3.677616960358598419e-02
9.999717778899681608e-01 3.758936875905619351e-03 -6.504907158378707595e-03 2.755115018566526783e-02 -3.757633154819559323e-03 9.999929174654288433e-01 2.126312625782236950e-04 -4.590120133083331666e+00 6.505660354642751712e-03 -1.881822068679881073e-04 9.999788202611128440e-01 -4.706660859114809164e-02
9.999574327284107556e-01 4.656654322901671202e-03 -7.965444226337079631e-03 2.777572511895860796e-02 -4.653084337989323201e-03 9.999890654585995575e-01 4.666576693009028822e-04 -4.765781658720345426e+00 7.967530191310478321e-03 -4.295739211824580470e-04 9.999681664577612095e-01 -4.775465450675607515e-02
9.999797581465859064e-01 5.345342006556927199e-03 -3.451176021078634307e-03 2.733843146890954645e-02 -5.344834838230849879e-03 9.999857040748706405e-01 1.561615741959023981e-04 -4.940025187285177921e+00 3.451961420346988472e-03 -1.377124473658806266e-04 9.999940324810114856e-01 -2.511701659727701152e-02
9.999797393532298129e-01 6.226638295036092396e-03 -1.322822206246870250e-03 4.610285668453394103e-02 -6.227046040348651473e-03 9.999805654472595506e-01 -3.043441973935446100e-04 -5.099868789985666950e+00 1.320901456554573854e-03 3.125753059647594909e-04 9.999990787575857576e-01 -2.143890239962585598e-02
9.999675301598709432e-01 6.305518763167780247e-03 -5.017873961636228064e-03 4.218930571612017344e-02 -6.303467270558462884e-03 9.999800428308320832e-01 4.245473073835007594e-04 -5.290767893974964942e+00 5.020450810089270924e-03 -3.929035181153413226e-04 9.999873202698567054e-01 -4.230339271109674615e-02
9.999630901840271813e-01 6.546212182132103707e-03 -5.564654138187185260e-03 3.651013212352099968e-02 -6.543184902656712029e-03 9.999784351824877460e-01 5.620509877616446407e-04 -5.494210640583580663e+00 5.568213442459240929e-03 -5.256196816176263381e-04 9.999843592391880476e-01 -4.834327687987332450e-02
9.999750840751835401e-01 6.770233479315906043e-03 -1.998791501147011238e-03 4.459244320086949709e-02 -6.771127464489583130e-03 9.999769784836728403e-01 -4.408350300305446099e-04 -5.496875921196807901e+00 1.995760929856665259e-03 4.543581182472848233e-04 9.999979052463116025e-01 -2.542154802287718146e-02
9.999711591477391526e-01 7.203583040149567213e-03 -2.406088965655040542e-03 6.656228384575943458e-02 -7.204725152633527710e-03 9.999739368888198587e-01 -4.663459547594447983e-04 -5.590397464945043637e+00 2.402666893680272062e-03 4.836677146349900353e-04 9.999969966241597508e-01 -9.530387678982298744e-03
9.999292090511505693e-01 7.336809989856070933e-03 -9.367395876820209036e-03 6.799364074273800407e-02 -7.333212052506580224e-03 9.999730241150937005e-01 4.183815329757828157e-04 -5.848706952564888262e+00 9.370212768837872866e-03 -3.496588150055839951e-04 9.999560374593373657e-01 -3.004487832388424290e-02
9.999465102044827747e-01 8.103443842322149634e-03 -6.427357759652674828e-03 7.904827109821255249e-02 -8.100104116778949689e-03 9.999670448433939374e-01 5.454727006501095161e-04 -6.094400837755150846e+00 6.431566152468380475e-03 -4.933812563779177950e-04 9.999791955494685691e-01 -4.030361492469261564e-02
9.999251883838844446e-01 1.036500493114482675e-02 -6.494944821205515806e-03 1.194536784364977622e-01 -1.036125302190766921e-02 9.999461340765840589e-01 6.110491879659153041e-04 -6.281769274976987560e+00 6.500928492851625398e-03 -5.437077077327983005e-04 9.999787209289302536e-01 -4.225859397672682150e-02
9.999291783392477706e-01 1.097590906776891619e-02 -4.600839698674541629e-03 1.084597633562492947e-01 -1.097465435457080883e-02 9.999397323007855887e-01 2.978725078757965094e-04 -6.288017984456026888e+00 4.603831838211680690e-03 -2.473587866163554799e-04 9.999893717165379003e-01 -3.512632710668461833e-02
9.999161942728288510e-01 1.140492104338063778e-02 -6.126353477940161586e-03 1.051800251619015858e-01 -1.140574616357333676e-02 9.999349473851415482e-01 -9.976134740838406571e-05 -6.383147725314516130e+00 6.124817172336499520e-03 1.696286195138311137e-04 9.999812287441883774e-01 -3.991801115601240069e-02
9.999125596058756615e-01 1.286156511140561752e-02 -3.074619539279389163e-03 1.202491161241409784e-01 -1.286250841370868529e-02 9.999172332642317640e-01 -2.872255405271588956e-04 -6.543885496706111304e+00 3.070670893065245190e-03 3.267477451056268367e-04 9.999952320967223640e-01 -2.780889070457868983e-02
9.998891019660869350e-01 1.443205667771632963e-02 -3.674167865425019292e-03 1.363136118617824799e-01 -1.443106852217382330e-02 9.998958230980561357e-01 2.953174039016470643e-04 -6.744812887717519523e+00 3.678047139510602550e-03 -2.422624855542564756e-04 9.999932066159887833e-01 -3.381066994220201238e-02
9.998661393439634004e-01 1.545499795584617288e-02 -5.370887411101908128e-03 1.384759240388817036e-01 -1.545424840299941018e-02 9.998805595833515358e-01 1.810347540304981439e-04 -6.924178611537906924e+00 5.373043801825233036e-03 -9.800749240384691629e-05 9.999855602931649878e-01 -3.302038968952704379e-02
9.998558133328151465e-01 1.569696545306033253e-02 -6.477485634106316774e-03 1.310055241044690844e-01 -1.569913360852620565e-02 9.998767206726570933e-01 -2.840085118614178164e-04 -7.096764236146448468e+00 6.472229022235406574e-03 3.856584740377844893e-04 9.999789805386036790e-01 -4.304793430287665729e-02
9.998547986097545692e-01 1.620713874360888568e-02 -5.264062194962725559e-03 1.333513349737224518e-01 -1.620977273321112105e-02 9.998685080655201896e-01 -4.580903496729866109e-04 -7.273679655840307845e+00 5.255945679387229348e-03 5.433530861511903483e-04 9.999860398037759834e-01 -4.462532170025280270e-02
9.998307071389946898e-01 1.777055453536081214e-02 -4.771210899096225977e-03 1.795789363849626119e-01 -1.777000741477158252e-02 9.998420886190544365e-01 1.570425608009051765e-04 -7.451172014260413867e+00 4.773248203985452562e-03 -7.223152156210865360e-05 9.999886053771764871e-01 -2.143155334849558905e-02
9.997920061134996095e-01 1.952073377670544493e-02 -5.906391822683356753e-03 2.216679871923329104e-01 -1.951941324714186535e-02 9.998094385753112379e-01 2.811444613658910653e-04 -7.448593837040854204e+00 5.910754438425975914e-03 -1.657966822502075646e-04 9.999825175938971134e-01 1.459400204526749290e-04
9.997685194922335539e-01 2.008614274963974392e-02 -7.710661563611949376e-03 2.025244559984479553e-01 -2.008414721490795959e-02 9.997982366610688176e-01 3.361548264505917938e-04 -7.473176794929566213e+00 7.715857888619573335e-03 -1.812149511927620507e-04 9.999702159055459116e-01 -2.893256069401705863e-02
9.997468909323697916e-01 2.049321522642768081e-02 -9.283436903628622394e-03 1.969711639161028649e-01 -2.049186623902472457e-02 9.997899907568121858e-01 2.404174190762887390e-04 -7.506899033269671229e+00 9.286414221983622236e-03 -5.012161997992067679e-05 9.999568790696531373e-01 -4.122552630666496964e-02
9.997642747672956798e-01 2.141734964890061599e-02 -3.562587969431855843e-03 2.084510689027957164e-01 -2.141695796041478972e-02 9.997706196868686446e-01 1.480630150001698432e-04 -7.678057769273889832e+00 3.564941899250198901e-03 -7.172831603990246119e-05 9.999936430019461531e-01 -3.420435728542821352e-02
9.996806345361420876e-01 2.293384450340581193e-02 -1.061450468509343541e-02 2.506342153783207016e-01 -2.293383129001280024e-02 9.997369775387439095e-01 1.229799102605561424e-04 -7.855995357462457918e+00 1.061453323408510611e-02 1.204906249505127063e-04 9.999436569958488619e-01 -4.990501503654908022e-02
9.996360882930807046e-01 2.441363436792080149e-02 -1.147455615950923775e-02 2.459298634219572455e-01 -2.441261577369802094e-02 9.997019414901984202e-01 2.288488882973178928e-04 -8.020883592004645735e+00 1.147672310348409573e-02 5.135832318806798783e-05 9.999341389257236923e-01 -2.500476163954575004e-02
9.996386721938181896e-01 2.490538561445864232e-02 -1.011171706364103785e-02 1.641891140778447555e-01 -2.490088525637800324e-02 9.996897619619053987e-01 5.707381164810256674e-04 -8.139525669977164313e+00 1.012279447725327429e-02 -3.187411865828083295e-04 9.999487124028048068e-01 -3.328485526164525615e-02
