1789643436.1884 0.0000 0.0000 0.0000 0.0000 0.0000 0.0000 1.0000
1789643436.2870 0.0042 0.0105 -0.0218 0.0001 -0.0019 0.0004 1.0000
1789643436.3895 0.0124 -0.0919 -0.0504 -0.0002 -0.0042 0.0008 1.0000
1789643436.4904 0.0236 -0.4744 -0.0272 -0.0004 -0.0030 0.0005 1.0000
1789643436.5836 0.0164 -0.8748 -0.0024 0.0003 -0.0010 0.0004 1.0000
1789643436.6848 -0.0008 -1.0761 0.0062 0.0002 -0.0003 0.0002 1.0000
1789643436.7881 -0.0075 -1.0492 0.0005 -0.0001 -0.0007 0.0001 1.0000
1789643436.8885 -0.0124 -1.1064 -0.0154 0.0005 -0.0008 -0.0000 1.0000
1789643436.9913 -0.0047 -1.4716 -0.0121 0.0002 0.0004 -0.0003 1.0000
1789643437.0894 -0.0101 -1.7759 -0.0198 -0.0005 0.0008 -0.0002 1.0000
1789643437.1940 -0.0261 -1.9617 -0.0263 0.0000 -0.0013 -0.0002 1.0000
1789643437.2916 -0.0138 -2.0250 -0.0216 0.0000 -0.0018 -0.0003 1.0000
1789643437.3844 0.0061 -2.1548 -0.0064 -0.0002 -0.0011 -0.0007 1.0000
1789643437.4850 0.0033 -2.3154 -0.0093 0.0000 -0.0007 -0.0007 1.0000
1789643437.5863 -0.0045 -2.5948 -0.0293 0.0003 -0.0017 -0.0006 1.0000
1789643437.6868 -0.0188 -2.9185 -0.0293 -0.0001 -0.0025 -0.0005 1.0000
1789643437.7893 -0.0191 -3.1169 -0.0213 -0.0001 -0.0002 -0.0006 1.0000
1789643437.8871 -0.0037 -3.1516 -0.0215 -0.0001 0.0003 -0.0008 1.0000
1789643437.9856 -0.0001 -3.2603 -0.0391 -0.0001 -0.0015 -0.0009 1.0000
1789643438.0864 -0.0115 -3.5472 -0.0403 -0.0003 -0.0034 -0.0008 1.0000
1789643438.1854 0.0039 -3.7367 -0.0286 -0.0001 -0.0021 -0.0011 1.0000
1789643438.2845 -0.0041 -3.9257 -0.0239 -0.0000 -0.0017 -0.0012 1.0000
1789643438.3885 -0.0179 -4.0750 -0.0170 0.0001 -0.0016 -0.0010 1.0000
1789643438.4915 0.0005 -4.2943 -0.0289 -0.0004 -0.0017 -0.0012 1.0000
1789643438.5897 0.0274 -4.4991 -0.0368 -0.0004 -0.0016 -0.0017 1.0000
1789643438.6890 0.0276 -4.5901 -0.0471 -0.0001 -0.0033 -0.0019 1.0000
1789643438.7906 0.0278 -4.7658 -0.0478 -0.0002 -0.0040 -0.0023 1.0000
1789643438.8900 0.0273 -4.9400 -0.0251 -0.0001 -0.0017 -0.0027 1.0000
1789643438.9900 0.0461 -5.0999 -0.0214 0.0002 -0.0007 -0.0031 1.0000
1789643439.0849 0.0422 -5.2908 -0.0423 -0.0002 -0.0025 -0.0032 1.0000
1789643439.1868 0.0365 -5.4942 -0.0483 -0.0003 -0.0028 -0.0033 1.0000
1789643439.2901 0.0446 -5.4969 -0.0254 0.0002 -0.0010 -0.0034 1.0000
1789643439.3878 0.0666 -5.5904 -0.0095 0.0002 -0.0012 -0.0036 1.0000
1789643439.4877 0.0680 -5.8487 -0.0300 -0.0002 -0.0047 -0.0037 1.0000
1789643439.5941 0.0790 -6.0944 -0.0403 -0.0003 -0.0032 -0.0041 1.0000
1789643439.6881 0.1195 -6.2818 -0.0423 -0.0003 -0.0032 -0.0052 1.0000
1789643439.7951 0.1085 -6.2880 -0.0351 -0.0001 -0.0023 -0.0055 1.0000
1789643439.8877 0.1052 -6.3831 -0.0399 0.0001 -0.0031 -0.0057 1.0000
1789643439.9869 0.1202 -6.5439 -0.0278 0.0002 -0.0015 -0.0064 1.0000
1789643440.0906 0.1363 -6.7448 -0.0338 -0.0001 -0.0018 -0.0072 1.0000
1789643440.1880 0.1385 -6.9242 -0.0330 -0.0001 -0.0027 -0.0077 1.0000
1789643440.2877 0.1310 -7.0968 -0.0430 0.0002 -0.0032 -0.0078 1.0000
1789643440.3854 0.1334 -7.2737 -0.0446 0.0003 -0.0026 -0.0081 1.0000
1789643440.4894 0.1796 -7.4512 -0.0214 -0.0001 -0.0024 -0.0089 1.0000
1789643440.5914 0.2217 -7.4486 0.0001 -0.0001 -0.0030 -0.0098 0.9999
1789643440.6878 0.2025 -7.4732 -0.0289 -0.0001 -0.0039 -0.0100 0.9999
1789643440.7906 0.1970 -7.5069 -0.0412 -0.0001 -0.0046 -0.0102 0.9999
1789643440.8892 0.2085 -7.6781 -0.0342 -0.0001 -0.0018 -0.0107 0.9999
1789643440.9885 0.2506 -7.8560 -0.0499 -0.0000 -0.0053 -0.0115 0.9999
1789643441.0872 0.2459 -8.0209 -0.0250 -0.0000 -0.0057 -0.0122 0.9999
1789643441.1846 0.1642 -8.1395 -0.0333 -0.0002 -0.0051 -0.0125 0.9999
