1.000000000000000000e+00 0.000000000000000000e+00 0.000000000000000000e+00 0.000000000000000000e+00 0.000000000000000000e+00 1.000000000000000000e+00 0.000000000000000000e+00 0.000000000000000000e+00 0.000000000000000000e+00 0.000000000000000000e+00 1.000000000000000000e+00 0.000000000000000000e+00
9.999922309042689195e-01 -7.799202521589861017e-04 -3.863917119139501349e-03 4.238336058295413301e-03 7.791289396973197657e-04 9.999996751998883049e-01 -2.062964205035017207e-04 1.052398506914824401e-02 3.864076758895087973e-03 2.032843281187483452e-04 9.999925137651197726e-01 -2.178190704891111440e-02
9.999632387497843222e-01 -1.582579689202419501e-03 -8.427134184831595529e-03 1.239783641582433565e-02 1.585747187581523212e-03 9.999986745475538674e-01 3.692004773915676043e-04 -9.190397226115626372e-02 8.426538725889212364e-03 -3.825502094534073108e-04 9.999644229173547672e-01 -5.038329159847147742e-02
9.999816171625507399e-01 -9.687778515142693447e-04 -5.985549802994492678e-03 2.361316044176051815e-02 9.738190841284918332e-04 9.999991735611406529e-01 8.393768087006906907e-04 -4.744075722943065232e-01 5.984731686642197172e-03 -8.451902212004153018e-04 9.999817341532438730e-01 -2.721462484520505848e-02
9.999977147317368198e-01 -7.578178607813484740e-04 -1.999060627827822702e-03 1.644928613956614730e-02 7.567852286649690658e-04 9.999995798566669869e-01 -5.172645427198513998e-04 -8.747934475623303507e-01 1.999451780245049739e-03 5.157505010772625142e-04 9.999978680947270160e-01 -2.365452429369002685e-03
9.999997320697893155e-01 -4.862154687354074958e-04 -5.472246957349351758e-04 -7.841183812952994686e-04 4.859591723343420011e-04 9.999997722261222410e-01 -4.683923423484357166e-04 -1.076107867453495848e+00 5.474523106937312974e-04 4.681262879917564429e-04 9.999997405768393799e-01 6.213323762691916330e-03
9.999991099674023776e-01 -1.778882029597608023e-04 -1.322278408761628143e-03 -7.545981041468228373e-03 1.781742698452879251e-04 9.999999607494167719e-01 2.162292637769045269e-04 -1.049217133537912128e+00 1.322239892226269005e-03 -2.164646673158244854e-04 9.999991024119547767e-01 4.638468547880549714e-04
9.999988059989125544e-01 2.224385443651345534e-05 -1.545155642720829562e-03 -1.241140693619737292e-02 -2.391899712000762558e-05 9.999994120605452119e-01 -1.084115512969007411e-03 -1.106425929378086703e+00 1.545130619355200401e-03 1.084151177107274154e-03 9.999982185922104971e-01 -1.539742810091710920e-02
9.999995143770372685e-01 5.302949358743827123e-04 8.306822320573135909e-04 -4.692726570115208010e-03 -5.299512521004187422e-04 9.999997739182755474e-01 -4.139022446838269199e-04 -1.471599222984832922e+00 -8.309015345195449372e-04 4.134618225944161987e-04 9.999995693258878493e-01 -1.213914797189077563e-02
9.999984997564166367e-01 4.927045692692535398e-04 1.660640576252861303e-03 -1.013654829196476530e-02 -4.942878350795688012e-04 9.999994236101155121e-01 9.531311415162365200e-04 -1.775910623873038441e+00 -1.660170007007893489e-03 -9.539505460226386287e-04 9.999981669052716571e-01 -1.982641403636315608e-02
9.999968123773408379e-01 3.340237724550895000e-04 -2.502731163501036287e-03 -2.614158210235475316e-02 -3.341320672311068633e-04 9.999999432597047599e-01 -4.285264164215427389e-05 -1.961650954102925004e+00 2.502716707694310153e-03 4.368874778148708739e-05 9.999968672452801410e-01 -2.626551825016109482e-02
9.999934053561897462e-01 6.876935191096021638e-04 -3.565995198378478764e-03 -1.384276649597079162e-02 -6.878137584103477704e-04 9.999997629282225686e-01 -3.249203666306684917e-05 -2.025040589785430001e+00 3.565972008418622722e-03 3.494456294952834541e-05 9.999936412910397365e-01 -2.162901557039686312e-02
9.999967779136300638e-01 1.370292734862658089e-03 -2.136927743006298685e-03 6.064841145785648813e-03 -1.369468622693186064e-03 9.999989873663763795e-01 3.870683573017484245e-04 -2.154830218526167407e+00 2.137455976039320891e-03 -3.841406546410604272e-04 9.999976418561735692e-01 -6.359098466745037245e-03
9.999980394673420037e-01 1.356453503062540278e-03 -1.442600210165742927e-03 3.280723786513128210e-03 -1.356489367750732212e-03 9.999990796826753181e-01 -2.388299537356053498e-05 -2.315446559081372424e+00 1.442566486343038919e-03 2.583982039717293671e-05 9.999989591665764399e-01 -9.255064686660197798e-03
9.999936101142569145e-01 1.188753120766205922e-03 -3.371438368621662747e-03 -4.493372782602974430e-03 -1.190818233173172348e-03 9.999991045652915078e-01 -6.105903297770810161e-04 -2.594778550938543926e+00 3.370709508558697269e-03 6.146011984560121417e-04 9.999941302741610638e-01 -2.932716897680999468e-02
9.999869409930139952e-01 9.704019544307495703e-04 -5.017585423409240582e-03 -1.878873545648414994e-02 -9.696450671470130921e-04 9.999995181471298400e-01 1.532773694070634811e-04 -2.918526791668405451e+00 5.017731746330145355e-03 -1.484100908020280843e-04 9.999874000919045658e-01 -2.932173354404529753e-02
9.999991676796479156e-01 1.254182120302879807e-03 -3.027659502192491837e-04 -1.912429631713684700e-02 -1.254126614986668517e-03 9.999991967563526263e-01 1.834477670165811293e-04 -3.116905720465884766e+00 3.029957839338246698e-04 -1.830679074929893928e-04 9.999999373398461566e-01 -2.131605148955022580e-02
9.999983788086529435e-01 1.662306399627565962e-03 6.921831401864539943e-04 -3.694162261000465131e-03 -1.662468373100713364e-03 9.999985908386895828e-01 2.334942044775212299e-04 -3.151575838544548702e+00 -6.917940258783741208e-04 -2.346445585176908620e-04 9.999997331814428625e-01 -2.149972834911691513e-02
9.999940553384784048e-01 1.826326371846902089e-03 -2.924691383308572045e-03 -6.413286379317907626e-05 -1.825859771334786613e-03 9.999983199621392815e-01 1.622004754752903375e-04 -3.260307703284540892e+00 2.924982700722204235e-03 -1.568594349080123780e-04 9.999957099264566995e-01 -3.907369432319440783e-02
9.999757232406198959e-01 1.517818262154409931e-03 -6.800673284480538219e-03 -1.151213981561751212e-02 -1.513949255069380224e-03 9.999986892243624137e-01 5.740271858842464292e-04 -3.547155809047441544e+00 6.801535639269386604e-03 -5.637173761113674570e-04 9.999767103966310522e-01 -4.025351581616132268e-02
9.999888104532843602e-01 2.218386518997179577e-03 -4.178244784324770290e-03 3.877566478651433418e-03 -2.217362356949637014e-03 9.999975104654073021e-01 2.497341900975126464e-04 -3.736682841541635547e+00 4.178788389400487670e-03 -2.404667129822431757e-04 9.999912399133087382e-01 -2.863171419073448631e-02
9.999909833950336724e-01 2.421999411624680288e-03 -3.488129510738078969e-03 -4.113528834721571353e-03 -2.421676321552894331e-03 9.999970630479910749e-01 9.684619606492020014e-05 -3.925700303116050893e+00 3.488353827698992271e-03 -8.839820219836349723e-05 9.999939117681320155e-01 -2.387764404358364706e-02
9.999931515577104024e-01 1.963386483975439276e-03 -3.137188421589044447e-03 -1.788271002547473995e-02 -1.963717260422848023e-03 9.999980666665638784e-01 -1.023604197967144285e-04 -4.075015395080696656e+00 3.136981383293051002e-03 1.085202698399598227e-04 9.999950737734421002e-01 -1.703014039343677538e-02
9.999910844462746029e-01 2.399640868036462781e-03 -3.474586546360953002e-03 5.106130567758965233e-04 -2.397073532015902252e-03 9.999968510895939078e-01 7.428656531874047687e-04 -4.294313011511493805e+00 3.476358215980069472e-03 -7.345301906837826229e-04 9.999936876795538776e-01 -2.892286300719238215e-02
9.999893030686243245e-01 3.341066002864203840e-03 -3.198597550738339988e-03 2.741486970242241333e-02 -3.338678191557455967e-03 9.999941441703812384e-01 7.515669498451814107e-04 -4.499116840478285972e+00 3.201089855081067862e-03 -7.408798224988754916e-04 9.999946020458452267e-01 -3.677616960358597031e-02
9.999717778899681608e-01 3.758936875905624555e-03 -6.504907158378675502e-03 2.755115018566565641e-02 -3.757633154819564527e-03 9.999929174654288433e-01 2.126312625782191142e-04 -4.590120133083329002e+00 6.505660354642719620e-03 -1.881822068679835807e-04 9.999788202611128440e-01 -4.706660859114776552e-02
9.999574327284107556e-01 4.656654322901675538e-03 -7.965444226337043201e-03 2.777572511895901389e-02 -4.653084337989327537e-03 9.999890654585995575e-01 4.666576693008971360e-04 -4.765781658720342762e+00 7.967530191310441892e-03 -4.295739211824524091e-04 9.999681664577612095e-01 -4.775465450675562412e-02
9.999797581465859064e-01 5.345342006556929801e-03 -3.451176021078629103e-03 2.733843146890975809e-02 -5.344834838230852481e-03 9.999857040748706405e-01 1.561615741959002568e-04 -4.940025187285175257e+00 3.451961420346983268e-03 -1.377124473658784853e-04 9.999940324810114856e-01 -2.511701659727684846e-02
9.999797393532298129e-01 6.226638295036084590e-03 -1.322822206246902776e-03 4.610285668453310837e-02 -6.227046040348643667e-03 9.999805654472595506e-01 -3.043441973935439595e-04 -5.099868789985674056e+00 1.320901456554606380e-03 3.125753059647590573e-04 9.999990787575857576e-01 -2.143890239962620986e-02
9.999675301598709432e-01 6.305518763167775910e-03 -5.017873961636211584e-03 4.218930571612004854e-02 -6.303467270558458548e-03 9.999800428308320832e-01 4.245473073835008678e-04 -5.290767893974967606e+00 5.020450810089254444e-03 -3.929035181153415395e-04 9.999873202698567054e-01 -4.230339271109692656e-02
9.999630901840271813e-01 6.546212182132100238e-03 -5.564654138187162709e-03 3.651013212352156867e-02 -6.543184902656708560e-03 9.999784351824877460e-01 5.620509877616433397e-04 -5.494210640583577998e+00 5.568213442459218378e-03 -5.256196816176252539e-04 9.999843592391880476e-01 -4.834327687987297062e-02
9.999750840751835401e-01 6.770233479315903441e-03 -1.998791501147024249e-03 4.459244320086951791e-02 -6.771127464489580527e-03 9.999769784836728403e-01 -4.408350300305449352e-04 -5.496875921196807901e+00 1.995760929856678269e-03 4.543581182472852570e-04 9.999979052463116025e-01 -2.542154802287684839e-02
9.999711591477391526e-01 7.203583040149564611e-03 -2.406088965655091717e-03 6.656228384575862966e-02 -7.204725152633525108e-03 9.999739368888198587e-01 -4.663459547594437683e-04 -5.590397464945042749e+00 2.402666893680323237e-03 4.836677146349893305e-04 9.999969966241597508e-01 -9.530387678981970881e-03
9.999292090511505693e-01 7.336809989856061393e-03 -9.367395876820257608e-03 6.799364074273728242e-02 -7.333212052506570683e-03 9.999730241150937005e-01 4.183815329757837914e-04 -5.848706952564898032e+00 9.370212768837921438e-03 -3.496588150055847540e-04 9.999560374593373657e-01 -3.004487832388451699e-02
9.999465102044827747e-01 8.103443842322147900e-03 -6.427357759652670491e-03 7.904827109821273290e-02 -8.100104116778947955e-03 9.999670448433939374e-01 5.454727006501098414e-04 -6.094400837755150846e+00 6.431566152468376138e-03 -4.933812563779181202e-04 9.999791955494685691e-01 -4.030361492469269197e-02
9.999251883838844446e-01 1.036500493114483543e-02 -6.494944821205478509e-03 1.194536784364986781e-01 -1.036125302190767788e-02 9.999461340765840589e-01 6.110491879659136778e-04 -6.281769274976979567e+00 6.500928492851588102e-03 -5.437077077327968910e-04 9.999787209289302536e-01 -4.225859397672657169e-02
9.999291783392477706e-01 1.097590906776892139e-02 -4.600839698674522547e-03 1.084597633562492947e-01 -1.097465435457081404e-02 9.999397323007855887e-01 2.978725078757984610e-04 -6.288017984456026888e+00 4.603831838211661608e-03 -2.473587866163576483e-04 9.999893717165379003e-01 -3.512632710668473629e-02
9.999161942728288510e-01 1.140492104338063778e-02 -6.126353477940166790e-03 1.051800251619009474e-01 -1.140574616357333676e-02 9.999349473851415482e-01 -9.976134740837975601e-05 -6.383147725314520571e+00 6.124817172336504724e-03 1.696286195138268582e-04 9.999812287441883774e-01 -3.991801115601274069e-02
9.999125596058756615e-01 1.286156511140561752e-02 -3.074619539279384826e-03 1.202491161241413253e-01 -1.286250841370868529e-02 9.999172332642317640e-01 -2.872255405271580283e-04 -6.543885496706113969e+00 3.070670893065240853e-03 3.267477451056259694e-04 9.999952320967223640e-01 -2.780889070457870718e-02
9.998891019660869350e-01 1.443205667771633137e-02 -3.674167865425014955e-03 1.363136118617827852e-01 -1.443106852217382503e-02 9.998958230980561357e-01 2.953174039016405591e-04 -6.744812887717515970e+00 3.678047139510598213e-03 -2.422624855542500517e-04 9.999932066159887833e-01 -3.381066994220170707e-02
9.998661393439634004e-01 1.545499795584617461e-02 -5.370887411101895118e-03 1.384759240388812040e-01 -1.545424840299941191e-02 9.998805595833515358e-01 1.810347540304955961e-04 -6.924178611537905148e+00 5.373043801825220026e-03 -9.800749240384457170e-05 9.999855602931649878e-01 -3.302038968952671072e-02
9.998558133328151465e-01 1.569696545306033947e-02 -6.477485634106321978e-03 1.310055241044687790e-01 -1.569913360852621259e-02 9.998767206726570933e-01 -2.840085118614159190e-04 -7.096764236146443139e+00 6.472229022235411779e-03 3.856584740377828088e-04 9.999789805386036790e-01 -4.304793430287664341e-02
9.998547986097545692e-01 1.620713874360889262e-02 -5.264062194962743774e-03 1.333513349737225351e-01 -1.620977273321112799e-02 9.998685080655201896e-01 -4.580903496729856893e-04 -7.273679655840300740e+00 5.255945679387247563e-03 5.433530861511898062e-04 9.999860398037759834e-01 -4.462532170025286515e-02
9.998307071389946898e-01 1.777055453536080867e-02 -4.771210899096226844e-03 1.795789363849629727e-01 -1.777000741477157905e-02 9.998420886190544365e-01 1.570425608009030352e-04 -7.451172014260412979e+00 4.773248203985453429e-03 -7.223152156210651230e-05 9.999886053771764871e-01 -2.143155334849534271e-02
9.997920061134996095e-01 1.952073377670542759e-02 -5.906391822683396652e-03 2.216679871923315226e-01 -1.951941324714184800e-02 9.998094385753112379e-01 2.811444613658985463e-04 -7.448593837040865751e+00 5.910754438426015812e-03 -1.657966822502143951e-04 9.999825175938971134e-01 1.459400204529858781e-04
9.997685194922335539e-01 2.008614274963971616e-02 -7.710661563611994479e-03 2.025244559984461512e-01 -2.008414721490793184e-02 9.997982366610688176e-01 3.361548264505993290e-04 -7.473176794929578648e+00 7.715857888619618438e-03 -1.812149511927689353e-04 9.999702159055459116e-01 -2.893256069401761721e-02
9.997468909323697916e-01 2.049321522642767041e-02 -9.283436903628589434e-03 1.969711639161022820e-01 -2.049186623902471416e-02 9.997899907568121858e-01 2.404174190762903111e-04 -7.506899033269675670e+00 9.286414221983589276e-03 -5.012161997992304848e-05 9.999568790696531373e-01 -4.122552630666546924e-02
9.997642747672956798e-01 2.141734964890062293e-02 -3.562587969431823751e-03 2.084510689027964381e-01 -2.141695796041479666e-02 9.997706196868686446e-01 1.480630150001673766e-04 -7.678057769273888944e+00 3.564941899250166808e-03 -7.172831603990065870e-05 9.999936430019461531e-01 -3.420435728542784576e-02
9.996806345361420876e-01 2.293384450340583275e-02 -1.061450468509343367e-02 2.506342153783219229e-01 -2.293383129001282106e-02 9.997369775387439095e-01 1.229799102605495830e-04 -7.855995357462448148e+00 1.061453323408510438e-02 1.204906249505194283e-04 9.999436569958488619e-01 -4.990501503654810878e-02
9.996360882930807046e-01 2.441363436792081190e-02 -1.147455615950927071e-02 2.459298634219577173e-01 -2.441261577369803135e-02 9.997019414901984202e-01 2.288488882973145589e-04 -8.020883592004640406e+00 1.147672310348412869e-02 5.135832318807224332e-05 9.999341389257236923e-01 -2.500476163954539616e-02
9.996386721938181896e-01 2.490538561445863885e-02 -1.011171706364105867e-02 1.641891140778438674e-01 -2.490088525637799977e-02 9.996897619619053987e-01 5.707381164810272937e-04 -8.139525669977164313e+00 1.012279447725329511e-02 -3.187411865828095221e-04 9.999487124028048068e-01 -3.328485526164545738e-02
